BioNavigator Version	6.3.67.0	PamGrid Version	Protocol file name	Hepatic PPARaKO aortas_Ugt1a1 RNAi Livers_PTK Image analysis_7-22-22Date	"Sun, 24 Jul 2022 14:03:00 GMT"																																																								
	Barcode	640214106	640214106	640214106	640214106	640214106	640214106	640214106	640214106	640214106	640214106	640214106	640214106	640214106	640214106	640214106	640214106	640214106	640214106	640214106	640214106	640214107	640214107	640214107	640214107	640214107	640214107	640214107	640214107	640214107	640214107	640214107	640214107	640214107	640214107	640214107	640214107	640214107	640214107	640214107	640214107	640214110	640214110	640214110	640214110	640214110	640214110	640214110	640214110	640214110	640214110	640214110	640214110	640214110	640214110	640214110	640214110	640214110	640214110	640214110	640214110
	Exposure time	5	10	25	50	100	5	10	25	50	100	5	10	25	50	100	5	10	25	50	100	5	10	25	50	100	5	10	25	50	100	5	10	25	50	100	5	10	25	50	100	5	10	25	50	100	5	10	25	50	100	5	10	25	50	100	5	10	25	50	100
	Cycle	94	94	94	94	94	94	94	94	94	94	94	94	94	94	94	94	94	94	94	94	94	94	94	94	94	94	94	94	94	94	94	94	94	94	94	94	94	94	94	94	94	94	94	94	94	94	94	94	94	94	94	94	94	94	94	94	94	94	94	94
	Array	A1	A1	A1	A1	A1	A2	A2	A2	A2	A2	A3	A3	A3	A3	A3	A4	A4	A4	A4	A4	A1	A1	A1	A1	A1	A2	A2	A2	A2	A2	A3	A3	A3	A3	A3	A4	A4	A4	A4	A4	A1	A1	A1	A1	A1	A2	A2	A2	A2	A2	A3	A3	A3	A3	A3	A4	A4	A4	A4	A4
	Sample name	Flox PPARa	Flox PPARa	Flox PPARa	Flox PPARa	Flox PPARa	Hep PPARaKO	Hep PPARaKO	Hep PPARaKO	Hep PPARaKO	Hep PPARaKO	RNAi VEH	RNAi VEH	RNAi VEH	RNAi VEH	RNAi VEH	Ugt1a1 RNAi	Ugt1a1 RNAi	Ugt1a1 RNAi	Ugt1a1 RNAi	Ugt1a1 RNAi	Flox PPARa	Flox PPARa	Flox PPARa	Flox PPARa	Flox PPARa	Hep PPARaKO	Hep PPARaKO	Hep PPARaKO	Hep PPARaKO	Hep PPARaKO	RNAi VEH	RNAi VEH	RNAi VEH	RNAi VEH	RNAi VEH	Ugt1a1 RNAi	Ugt1a1 RNAi	Ugt1a1 RNAi	Ugt1a1 RNAi	Ugt1a1 RNAi	Flox PPARa	Flox PPARa	Flox PPARa	Flox PPARa	Flox PPARa	Hep PPARaKO	Hep PPARaKO	Hep PPARaKO	Hep PPARaKO	Hep PPARaKO	RNAi VEH	RNAi VEH	RNAi VEH	RNAi VEH	RNAi VEH	Ugt1a1 RNAi	Ugt1a1 RNAi	Ugt1a1 RNAi	Ugt1a1 RNAi	Ugt1a1 RNAi
ID																																																													
#REF		91	190	484	969	1913	98	194	488	976	1942	89	179	468	922	1847	90	178	462	929	1836	98	198	479	980	1947	97	191	490	984	1948	96	190	490	986	1952	91	187	478	955	1913	94	193	489	981	1958	97	190	475	970	1943	92	185	455	914	1845	93	188	461	926	1875
#REF		108	216	545	1090	2197	111	221	569	1116	2262	106	209	527	1082	2147	94	200	497	1022	2062	109	214	552	1065	2147	110	213	562	1124	2250	107	210	545	1068	2186	99	200	512	1060	2133	112	212	564	1128	2268	110	214	542	1089	2197	104	210	532	1068	2137	100	203	529	1032	2077
#REF		106	208	539	1066	2136	108	219	553	1112	2219	97	201	523	1053	2117	101	197	509	1007	2047	104	213	542	1073	2151	108	215	558	1108	2215	107	216	546	1066	2173	105	210	529	1052	2153	109	220	545	1100	2216	108	218	541	1093	2164	103	213	524	1065	2115	98	198	506	1013	2025
#REF		102	207	531	1067	2100	109	217	560	1134	2250	100	197	511	1028	2056	100	202	509	1039	2035	108	219	539	1088	2171	105	211	528	1069	2170	102	205	524	1050	2104	102	206	505	1028	2098	101	208	529	1054	2111	100	204	525	1046	2101	102	205	519	1039	2099	98	201	506	1006	2019
#REF		109	213	555	1102	2220	105	215	548	1098	2211	104	220	546	1090	2162	101	211	540	1067	2112	109	222	564	1116	2274	107	220	548	1096	2226	108	225	560	1130	2295	107	220	544	1103	2200	110	223	574	1125	2262	115	227	585	1168	2281	107	209	530	1065	2152	112	218	557	1112	2242
#REF		113	225	571	1130	2291	107	220	538	1096	2194	109	217	559	1107	2204	104	208	541	1055	2123	115	234	586	1183	2352	113	236	615	1163	2313	114	228	580	1163	2323	107	224	564	1109	2215	114	227	595	1179	2318	116	226	572	1154	2288	113	220	571	1136	2277	114	224	577	1151	2348
#REF		116	243	614	1232	2468	122	242	617	1218	2468	119	237	612	1224	2464	112	225	592	1147	2279	125	255	655	1246	2534	123	248	643	1293	2556	123	250	637	1267	2536	113	240	603	1209	2418	125	257	646	1289	2568	131	262	666	1323	2659	117	245	639	1288	2537	129	249	628	1262	2562
#REF		116	238	608	1226	2417	117	239	627	1240	2502	112	231	593	1172	2349	112	222	575	1126	2288	124	255	652	1317	2644	124	245	619	1235	2479	122	242	612	1251	2508	121	237	610	1221	2424	121	248	629	1247	2508	127	252	641	1257	2506	123	248	624	1250	2511	126	251	631	1269	2557
EFS_246_258		53	100	267	548	1089	49	100	258	517	1043	121	243	617	1246	2507	124	254	638	1280	2526	51	102	270	563	1115	51	98	247	500	994	119	242	612	1224	2466	140	286	723	1464	2925	57	115	293	601	1210	53	111	277	575	1134	117	242	633	1240	2546	152	315	785	1563	3141
41_654_666		7	12	33	73	139	6	11	30	73	145	16	31	76	160	330	15	34	84	168	335	8	15	36	78	161	4	15	29	69	133	16	34	84	166	325	17	33	87	182	358	7	14	40	80	152	6	15	33	67	128	16	29	70	157	308	21	37	100	205	405
ACHD_383_395		-2	-2	-8	-11	-23	-4	1	-2	-12	3	-2	-3	-9	-13	-31	1	-1	-3	-8	-10	-1	0	0	-5	-11	-2	0	-8	-2	-20	-1	-4	-7	-9	-23	0	0	-5	-3	-5	-2	-4	-5	-11	-25	-2	0	-3	-7	-7	1	0	-1	-1	-1	0	-1	-1	-2	0
AMPE_5_17		1	1	1	7	12	-1	1	4	12	29	-1	-1	7	4	9	4	4	6	9	21	0	2	3	10	19	0	3	4	-3	15	1	2	2	1	14	0	2	5	8	12	1	2	-3	4	15	0	4	4	12	9	1	1	3	7	9	1	3	3	9	12
ANXA2_17_29		0	0	0	0	10	-2	1	-1	1	-9	4	2	16	31	60	4	5	14	21	59	-1	0	3	1	8	2	1	2	2	4	1	6	10	31	59	4	7	16	30	76	3	-1	3	9	35	-2	-1	1	-1	5	3	5	10	19	54	1	8	18	36	70
ART_004_EAIYAAPFAKKKXC		23	48	118	239	479	22	39	104	220	442	47	92	236	480	960	43	89	231	454	916	22	47	113	237	473	20	37	98	198	400	44	85	219	449	878	42	83	211	429	871	19	43	110	229	450	19	41	102	214	409	46	92	236	489	970	50	102	264	527	1065
B3AT_39_51		-1	-4	-3	-4	-18	-1	-2	-7	-6	-30	-1	-4	-4	-13	-13	0	0	-6	-5	-21	-3	-2	-4	-5	-29	1	0	-3	-7	-9	0	-2	-4	-7	-18	0	-1	-3	-5	-3	-2	0	-1	-11	-24	-1	-1	-3	-5	-17	1	-3	-6	-9	-14	-2	-2	-1	0	-6
C1R_199_211		-1	-2	-1	-3	-2	-2	2	0	-1	-7	0	1	5	9	11	1	-1	-4	-3	-5	0	-1	2	1	2	1	-2	1	-1	-5	2	1	0	-1	-4	-1	1	1	0	3	0	0	-1	-2	-4	0	-2	0	3	12	-1	0	-1	-4	-2	-3	0	-2	-4	-14
CALM_93_105		-3	-5	-7	-14	-27	0	-3	-3	-15	-26	-1	-4	-3	-11	-23	1	-2	-3	0	-7	-3	-1	-6	-12	-36	1	-3	-9	-6	-17	0	-2	-5	-6	-26	-1	-2	-4	-7	-1	-2	-1	-5	-11	-19	1	-1	-3	-5	-15	-2	-2	-7	-18	-37	-2	-3	-6	-13	-23
CALM_95_107		1	0	-1	-6	-8	2	1	0	3	11	2	-1	6	12	22	4	7	6	18	39	1	3	3	0	15	1	-2	1	-5	-6	2	1	9	16	19	1	3	7	8	30	-1	-2	-3	8	5	0	0	-4	1	-9	-1	2	6	18	26	3	1	14	23	52
CBL_693_705		-2	-2	-3	-5	-11	-1	-4	-5	-5	-11	6	4	20	48	93	8	9	26	57	102	0	0	3	2	12	1	-3	-7	-7	-13	5	7	22	47	99	5	11	23	45	88	2	0	2	10	17	-2	0	-1	-4	7	2	5	17	30	66	5	11	28	60	117
CD3Z_116_128		-1	-3	-1	-12	3	-2	-3	-5	-17	-24	2	5	15	36	66	5	10	23	42	87	0	-1	-3	-7	-17	3	0	-2	-7	-14	2	6	15	25	52	3	7	19	40	78	0	1	0	0	-9	-1	-2	-4	-8	-25	4	5	12	36	71	2	10	25	46	96
CD3Z_146_158		-4	1	-6	-12	-16	-2	-2	-10	-16	-21	2	2	7	14	19	0	2	2	6	36	1	-3	-2	-6	-21	-1	-1	-5	-18	-34	1	3	4	10	27	1	-1	6	11	26	0	-1	-2	4	1	-2	-3	-6	-11	-25	-2	-1	0	5	-1	3	4	4	8	25
ART_003_EAI(pY)AAPFAKKKXC		211	426	1092	2161	3135	205	414	1052	2119	3273	184	372	947	1910	3200	189	394	986	1987	3099	204	413	1032	2098	3205	204	416	1032	2069	3280	205	415	1045	2097	3150	180	376	936	1871	3222	216	415	1085	2130	3213	203	413	1018	2050	3233	193	393	984	1971	3261	176	357	901	1777	3230
CDK2_8_20		17	32	80	161	330	13	31	74	145	299	39	85	209	420	831	40	88	205	433	875	13	27	71	136	294	11	28	70	148	281	37	77	197	398	816	43	89	231	466	934	14	31	84	171	332	15	32	76	146	300	36	73	186	380	758	48	88	243	494	974
CDK7_157_169		3	6	10	17	39	1	2	6	23	45	5	4	11	30	62	4	3	12	25	49	3	3	10	20	40	1	5	10	20	52	3	5	15	24	51	1	6	11	23	58	2	3	8	13	31	0	3	8	14	30	1	3	12	19	44	3	6	12	28	54
CRK_214_226		-1	1	-8	-13	-27	-4	-2	-7	-19	-44	1	-2	-4	-7	-11	-3	-7	-5	-10	-17	0	-4	-4	-4	-10	0	-1	-7	-11	-32	-1	-2	-3	-5	-20	0	-2	-3	4	-9	1	-1	-6	-11	-34	-1	-2	-4	-15	-26	-3	-2	-7	-7	-25	-1	3	0	-1	13
CTNB1_79_91		1	2	4	11	20	2	0	10	8	30	6	10	20	45	97	6	12	32	65	125	-1	0	3	10	22	3	2	5	17	35	6	10	32	50	87	6	12	31	57	112	5	3	13	5	21	3	2	6	8	26	4	9	27	54	107	6	13	32	69	133
DCX_67_79		6	8	22	42	91	2	3	22	37	83	4	10	22	47	98	6	12	32	62	127	3	6	17	33	59	1	6	16	30	56	5	9	29	40	97	3	11	28	55	108	5	8	18	46	84	3	5	16	34	65	8	12	30	59	119	5	12	30	69	135
DDR1_506_518		0	-3	-4	-17	-15	-1	-5	0	-7	-15	-2	-4	-12	-33	-56	-2	-1	-4	-8	-13	-1	-2	1	-4	-16	-2	-1	-6	-13	-15	0	-4	-9	-10	-44	0	1	-6	-5	-11	-3	-2	-8	-17	-34	1	-2	-5	-6	-7	-1	-2	-3	-12	-10	-1	-4	-7	-8	-12
DYR1A_212_224		0	-4	-6	-13	-18	-2	-3	-9	-13	-38	-3	-3	-14	-30	-27	-2	-4	-4	-7	-21	-1	-2	-3	-13	-21	0	0	-1	-7	-11	0	-5	-4	-15	-36	-2	0	-8	-13	-25	-2	-2	-5	-16	-25	0	-6	-7	-13	-36	-4	-2	-5	-14	-24	1	-3	-6	-6	-21
DYR1A_312_324		0	4	5	16	32	2	1	11	12	43	7	4	11	28	47	3	4	13	32	57	3	2	9	10	20	-1	4	7	9	27	2	2	14	18	62	3	5	7	26	55	3	0	8	18	36	3	4	8	19	39	5	10	23	39	64	2	5	11	27	53
EGFR_1062_1074		0	-2	-5	-14	-15	0	-1	-5	-8	-17	0	1	-8	-14	-20	0	-2	-2	1	-7	0	-1	-3	-12	-22	-2	1	-4	-2	-2	0	-2	-3	-10	-15	0	1	-5	-11	-16	3	-2	0	-3	0	1	-2	-3	-7	-11	-2	-1	-10	-23	-16	-1	-1	-8	-6	-1
EGFR_1103_1115		1	-2	2	-5	-4	1	0	0	3	3	1	5	8	24	45	3	3	17	35	63	2	5	5	6	11	1	3	0	2	0	1	2	8	18	42	1	1	5	19	34	2	2	0	5	11	1	-3	-3	-3	-4	-1	7	12	29	46	2	8	21	40	90
EGFR_1118_1130		2	0	-3	1	-1	-1	-1	3	-3	-1	2	2	1	5	14	2	-2	0	2	1	-4	0	3	4	10	-1	3	0	0	-2	1	0	-1	3	4	0	3	-1	2	5	0	1	1	8	7	2	0	0	-8	-7	-1	1	-1	0	-11	0	-1	0	-3	-7
EGFR_1190_1202		1	1	4	4	15	1	-1	0	-3	-7	2	6	5	15	32	2	3	11	20	27	0	-1	0	4	11	-1	1	0	2	-7	2	2	16	20	51	2	3	9	17	39	1	-3	-1	-3	-7	-3	-2	-4	-8	-21	1	1	6	10	35	2	8	8	22	60
EGFR_862_874		1	-3	-6	-8	-31	-3	-6	-12	-29	-40	0	0	-11	-12	-36	-2	-3	-3	-13	-21	-1	-2	-6	-11	-18	-1	-4	-6	-19	-32	0	-2	-5	-10	-13	0	0	-6	-3	-15	2	-3	-8	-8	-21	-3	-4	-7	-14	-23	-1	-4	-11	-13	-29	-1	-3	-6	-9	-25
EGFR_908_920		-2	-1	-3	-13	-29	-2	-2	-8	-19	-20	-1	-1	-7	-15	-22	2	-1	-2	-8	-16	-3	-4	-6	-6	-12	-2	0	-6	-12	-29	0	-4	-6	-11	-24	-2	-4	-4	-9	-21	1	-8	-11	-21	-33	-3	-5	-15	-29	-46	-2	1	-11	-7	-27	-2	-2	-7	-2	-20
EPHA1_774_786		5	11	24	56	115	2	6	20	41	87	11	29	65	137	264	12	25	59	118	240	4	15	25	62	117	3	13	28	53	115	10	25	65	131	262	16	26	71	143	280	5	11	30	61	141	4	11	31	68	129	11	21	53	107	214	12	24	63	127	260
EPHA2_581_593		-2	-4	-6	-10	-25	0	-2	-8	-20	-40	-4	-1	-10	-17	-35	-2	-1	2	-12	-18	-3	-2	-3	-9	-22	0	1	-6	-10	-21	-1	-2	-3	-12	-14	-1	-1	-5	-11	-14	-1	-4	-8	-18	-24	-4	-2	-2	-7	-31	0	-1	-9	-21	-34	1	-5	-8	-21	-39
EPHA2_765_777		9	18	51	105	206	12	21	43	94	179	26	55	138	273	557	24	53	132	277	544	9	20	51	100	205	10	18	40	85	173	22	49	120	248	492	30	57	145	303	607	11	23	56	109	221	10	18	48	94	189	26	53	129	271	537	32	67	171	340	696
EPHA4_589_601		1	0	3	6	6	1	2	5	13	8	2	5	8	12	21	2	1	10	19	35	0	1	4	13	20	1	2	2	2	15	0	3	6	11	-96	0	6	11	19	38	4	3	7	11	38	0	2	5	8	12	0	5	10	18	32	0	4	6	10	33
EPHA4_921_933		0	0	-2	-2	-7	0	-1	-1	-1	-12	-1	0	-1	-6	-5	0	-1	0	0	-1	1	-2	2	-5	-8	-3	0	-2	-1	2	1	-2	-3	2	-5	-1	0	-2	-3	-11	1	0	-4	-4	0	-2	2	4	1	6	1	2	1	-4	-12	-1	-1	2	-7	-10
EPHA7_607_619		8	16	40	83	185	9	14	34	76	136	17	34	86	170	338	17	38	96	197	393	8	20	41	84	179	10	16	33	68	138	13	29	74	155	300	18	37	94	191	364	9	23	52	97	202	7	17	44	86	170	16	33	93	175	353	21	42	112	224	442
EPHB1_771_783		6	8	26	48	101	6	8	11	29	67	14	25	58	138	264	13	32	74	154	303	5	12	24	50	102	5	12	23	43	92	12	25	59	122	243	16	28	76	135	278	5	11	28	62	120	3	11	23	44	88	12	25	65	140	273	15	34	86	181	347
EPHB1_921_933		1	6	12	24	55	3	5	9	28	53	3	6	8	27	50	1	1	12	34	53	1	2	13	23	44	5	7	12	21	42	0	5	12	16	39	1	5	14	26	58	3	7	13	24	40	2	6	9	21	47	3	6	15	23	59	0	6	15	34	53
EPHB4_583_595		-1	0	-1	-2	2	-1	0	0	4	0	0	1	3	4	6	1	4	7	17	32	-1	1	4	-4	-10	2	0	1	0	11	-1	-1	5	-1	16	1	0	5	8	21	-1	-1	-1	-5	0	-1	-1	-1	-3	-3	0	-1	2	1	1	0	0	10	7	17
EPOR_361_373		7	18	41	79	153	7	11	26	55	124	17	40	99	192	383	22	43	118	239	467	8	16	38	76	164	4	11	26	51	105	15	30	79	157	325	16	33	78	171	345	10	16	39	74	158	6	14	32	67	118	19	38	96	194	396	23	46	124	257	493
ERBB2_870_882		1	2	11	22	54	3	5	4	8	11	6	11	25	47	107	7	16	40	73	151	0	5	6	20	46	3	3	6	3	24	5	11	29	48	107	5	11	31	55	114	1	7	15	35	59	2	5	7	26	45	5	9	19	48	97	8	17	36	75	151
ERBB4_1181_1193		-3	-2	-3	-21	-12	0	-4	-10	-14	-32	-1	0	-6	-11	-10	-1	-2	3	8	3	-2	-3	0	-10	-16	-1	-1	-1	-12	-21	2	1	0	3	5	0	1	-3	-5	-10	-2	-2	-6	-9	-12	-2	-2	-7	-15	-35	2	1	-3	-10	-16	1	4	2	10	15
EFS_246_258_Y253F		-1	-4	-4	-8	-24	-1	-3	-8	-20	-29	-4	-1	-9	-30	-61	-3	-4	-13	-19	-32	-3	-3	-6	-10	-19	1	0	-8	-14	-23	-2	-2	-2	-14	-31	-2	-2	-5	-15	-35	1	-2	-7	-18	-30	-3	0	-6	-8	-21	-1	-5	-13	-24	-50	-1	-1	-8	-7	-21
FABPH_13_25		-1	-2	-3	-4	-16	-2	-4	-6	-12	-32	-1	-4	-6	-14	-45	-1	-1	-5	-4	-1	-1	-1	-7	-5	-16	0	0	-6	-16	-14	-2	-3	-9	-15	-29	-1	-3	-9	-15	-33	1	-3	-8	-13	-26	-3	-1	-7	-14	-33	-1	3	-2	-9	-24	-2	-1	-3	-11	-25
FAK1_569_581		4	5	16	33	60	-1	2	6	19	41	6	10	25	56	108	6	10	25	59	107	2	4	11	33	59	2	4	12	25	48	5	10	27	47	98	2	11	33	53	112	4	6	16	30	54	3	6	8	29	47	5	6	22	55	94	3	9	29	55	110
FAK2_572_584		7	14	41	77	161	5	14	27	65	136	17	26	76	154	307	12	28	73	157	317	4	14	38	75	143	6	15	43	77	152	16	25	69	143	297	16	33	87	173	340	8	16	46	93	181	5	12	33	70	143	15	30	72	145	293	15	30	82	178	335
FER_707_719		7	8	29	55	115	2	10	19	48	89	15	27	73	143	296	12	28	67	156	297	7	12	28	53	117	3	9	29	51	95	15	27	64	131	286	16	33	80	152	325	6	11	32	55	119	6	7	24	47	93	15	32	67	157	306	18	37	95	195	384
FES_706_718		10	21	56	106	216	8	18	49	97	188	28	55	138	285	566	28	58	148	300	619	11	21	55	110	241	7	18	46	93	179	28	50	129	260	515	30	66	164	324	652	13	25	57	132	251	9	20	51	103	219	29	61	156	308	631	33	67	174	357	720
FGFR3_641_653		-2	-1	-5	-10	-18	-2	-5	-8	-24	-26	-1	-1	-8	-9	-19	-1	-5	-2	-12	-21	-1	-3	-5	-10	-16	-1	0	-5	-5	-18	0	-1	-6	-5	-26	0	-4	-4	-3	-9	0	1	-2	4	3	-2	-3	-6	-11	-19	-3	-4	-8	-13	-22	-4	-1	-5	-11	-20
FRK_380_392		28	57	142	286	568	22	46	117	239	487	55	108	288	559	1142	58	126	320	636	1280	23	51	134	275	574	21	45	109	218	442	51	102	257	515	1025	58	118	301	601	1211	31	59	159	308	628	26	53	133	277	553	55	118	284	574	1156	69	131	351	692	1382
INSR_1348_1360		1	5	5	9	35	0	-2	-3	1	-2	-2	1	-1	0	-5	0	2	0	0	0	-2	0	-2	4	3	0	3	7	4	19	1	2	3	4	3	0	3	3	1	6	2	1	1	7	-1	2	-1	2	7	14	1	1	-1	-1	-7	-1	2	3	8	11
INSR_992_1004		-2	-4	-6	2	-14	-1	0	-5	-9	-21	-1	0	0	1	0	0	-3	-3	-2	10	-4	1	-4	-5	-15	-2	-1	-6	-10	-16	1	0	0	-2	-2	0	2	-2	-2	-9	0	-1	-4	-9	-13	-1	-3	-4	1	-10	-2	-2	-2	-3	-6	-1	2	-2	4	-1
JAK1_1027_1039		4	6	20	40	86	2	8	12	28	52	10	19	48	94	192	12	26	60	127	240	3	5	14	37	66	-1	4	11	28	51	12	16	38	79	159	7	20	49	100	206	4	9	20	46	88	5	4	14	30	57	10	19	48	98	184	11	25	62	120	247
JAK2_563_577		3	3	14	28	73	1	5	6	25	39	6	14	38	78	152	9	22	47	93	195	3	5	15	35	73	0	5	9	21	41	8	10	30	70	145	5	14	33	67	134	2	3	14	33	60	0	5	8	14	42	6	17	40	79	157	9	22	53	116	224
K2C6B_53_65		4	7	18	37	79	1	9	19	45	80	10	13	34	76	140	6	15	36	83	158	3	9	18	45	86	4	6	21	39	77	6	13	30	61	131	4	12	27	56	104	4	9	20	47	88	6	9	20	41	92	5	13	29	67	129	8	16	40	84	168
K2C8_425_437		0	0	2	11	15	0	3	0	4	7	1	6	9	21	54	-1	6	9	15	39	-1	4	5	13	23	-2	-2	4	10	2	1	0	12	20	42	3	7	14	23	44	-2	1	1	8	16	1	-1	3	2	1	2	3	10	15	28	4	6	16	28	55
LAT_194_206		1	-2	3	5	17	-1	-1	-2	2	-11	3	4	5	16	32	1	6	14	19	70	0	1	4	-2	-1	1	-1	-3	-5	-14	0	6	10	14	37	7	4	17	31	61	-1	2	7	2	7	0	-2	-2	-2	-14	0	3	8	14	40	1	4	9	23	55
LAT_249_261		11	15	39	77	156	4	12	30	62	114	9	18	49	106	203	11	25	65	128	257	5	14	31	65	138	7	12	29	61	131	14	24	67	128	258	13	27	65	128	265	5	9	28	58	118	6	13	34	63	134	12	20	55	117	218	10	23	54	106	205
LCK_387_399		4	8	23	35	87	5	9	16	33	73	12	26	53	112	235	12	23	56	117	232	4	9	19	35	81	3	3	14	36	73	10	21	52	100	207	11	22	61	125	244	4	5	27	57	98	3	7	23	53	90	10	22	57	103	218	12	25	56	120	252
MBP_198_210		1	0	3	7	30	2	2	5	6	18	3	6	8	20	41	2	1	12	20	40	-1	2	7	3	18	1	3	10	17	31	1	1	6	6	28	1	2	7	23	53	1	0	7	10	18	1	3	4	7	17	2	3	2	17	39	2	6	13	25	39
MBP_259_271		0	3	7	6	15	-1	3	3	9	20	2	1	6	16	31	3	1	3	11	16	0	2	6	14	32	2	1	3	12	19	-1	1	4	6	1	0	2	6	10	26	0	0	2	6	1	0	0	4	5	12	-2	-2	-3	0	-20	1	5	14	21	45
MBP_263_275		-1	2	7	7	19	2	4	4	9	18	2	2	-1	6	15	0	0	2	11	12	2	4	6	12	11	-2	-1	3	2	11	2	1	4	5	10	1	1	4	2	9	2	1	7	16	42	1	3	2	5	12	-1	1	2	-6	2	2	1	0	8	22
MET_1227_1239		6	10	27	52	100	6	9	18	39	78	8	15	43	89	170	9	18	45	95	192	4	9	22	45	90	3	6	17	40	75	9	15	44	87	169	11	23	54	107	216	6	11	25	56	104	4	6	21	44	86	8	20	38	84	173	9	21	52	102	199
MK01_180_192		-1	3	9	18	31	0	2	3	9	11	0	1	6	15	12	0	2	7	10	28	2	2	8	16	30	2	0	6	11	12	0	5	10	16	36	-1	0	9	18	31	3	3	6	15	26	2	3	1	15	29	2	6	9	25	50	3	5	15	22	54
MK01_198_210		0	-1	-2	-10	-26	-2	-1	-7	-12	-27	-2	-2	-10	-14	-47	-2	-6	-12	-16	-37	-1	-2	-10	-18	-27	-2	-2	-7	-12	-14	-1	-4	-6	-10	-16	-2	-4	-8	-14	-25	0	-2	-9	-14	-34	0	-4	-7	-15	-36	-2	-4	-7	-22	-50	-3	-2	-1	-14	-20
MK07_212_224		1	0	7	21	35	2	3	9	15	39	5	6	12	20	40	1	5	8	15	35	2	7	7	15	48	0	2	8	11	27	4	5	9	16	44	3	2	12	26	41	4	4	10	23	31	4	4	5	27	27	2	5	11	27	52	1	6	11	23	34
MK10_216_228		4	4	20	44	82	3	8	18	40	66	7	9	31	63	125	8	14	36	75	153	3	7	19	39	75	4	6	17	36	65	5	10	24	52	99	6	13	30	62	125	3	6	21	33	85	4	6	13	27	65	7	12	26	51	111	7	14	41	71	155
NCF1_313_325		10	18	48	102	210	12	19	49	101	212	11	21	62	128	246	12	23	56	119	241	10	19	49	106	202	9	19	47	94	189	7	18	53	97	201	9	18	46	102	195	8	19	50	95	192	9	20	46	93	179	12	25	65	119	238	13	24	72	130	277
NPT2A_501_513		8	12	24	47	95	7	14	29	60	124	-3	-13	-23	-40	-73	8	11	29	63	124	7	12	30	56	123	3	10	25	54	110	4	7	17	41	88	5	10	25	48	100	7	10	27	61	122	4	12	29	55	108	7	14	31	62	128	7	15	36	74	139
NTRK1_489_501		1	1	13	25	22	2	3	3	13	17	1	0	2	-5	-1	-2	2	6	14	21	1	5	4	14	37	0	0	5	13	18	1	2	3	6	11	2	2	0	3	6	3	4	8	18	36	2	1	10	13	28	-1	2	1	3	7	2	5	9	11	35
NTRK2_509_521		-3	-3	-2	-7	-21	-3	-3	0	-9	-24	-1	-1	-3	-13	-21	-2	-1	-1	0	-11	3	-1	-1	-5	-8	1	-3	-6	-4	-13	-1	-1	-9	-7	-17	1	-3	-5	-10	-24	0	0	-4	-6	-11	-3	-2	-5	-3	-6	-1	-2	-5	-14	-20	0	-2	0	-4	0
NTRK2_696_708		1	8	20	47	79	3	6	16	30	61	8	11	31	57	116	9	10	36	71	138	1	3	18	36	72	2	7	10	32	52	8	16	33	70	134	7	15	34	65	142	3	7	17	33	59	5	6	14	35	65	6	15	28	66	133	7	15	39	76	157
ODPAT_291_303		1	2	-1	-1	-1	4	-1	0	-1	-6	-2	-1	0	-1	7	0	-1	2	5	4	0	-1	-3	-6	3	1	-2	-2	1	-3	1	1	-1	-4	-11	-1	1	3	7	5	1	0	3	-3	-2	0	-1	1	3	10	1	0	-1	0	0	0	-2	-1	1	-9
PAXI_111_123		20	41	106	215	421	17	39	100	195	370	43	89	219	446	902	48	102	260	521	1037	20	42	110	230	451	19	37	95	200	404	41	89	230	456	905	53	106	277	546	1106	23	48	118	240	487	19	41	100	199	399	47	93	238	479	961	60	124	319	638	1258
PAXI_24_36		8	18	42	95	192	12	17	47	92	183	15	32	86	175	341	23	43	108	224	430	9	19	42	91	176	9	16	43	78	168	15	28	75	153	306	17	40	99	201	408	7	14	45	95	189	7	20	45	85	182	17	33	87	171	357	23	45	110	218	454
PDPK1_2_14		10	26	62	120	238	11	22	67	117	242	22	45	116	237	464	20	46	120	241	488	9	25	57	115	226	10	17	52	106	206	26	43	116	229	454	24	54	135	275	544	13	23	63	134	246	11	24	52	108	227	24	46	115	240	459	28	57	147	294	574
PECA1_706_718		14	23	60	127	267	8	23	56	108	223	28	58	148	302	615	31	64	161	331	652	8	22	63	117	242	11	19	44	96	204	28	56	144	298	601	36	72	189	380	758	14	25	72	138	276	11	23	57	107	213	33	60	155	303	622	38	80	198	405	808
PERI_458_470		0	-1	-2	-3	-15	-1	-2	-4	-9	-20	-5	-3	-3	-5	-21	-2	-7	-4	-18	-27	-1	-2	-2	-7	-8	-2	-1	-1	-11	-18	-1	-3	-5	-8	-18	0	0	-5	-10	-13	-2	-1	1	-5	-16	-1	0	3	-7	-5	0	-5	-5	-8	-18	-1	-3	-4	-6	-21
PGFRB_1002_1014		3	4	13	31	55	4	6	9	27	48	2	8	19	42	86	6	14	31	60	109	2	2	9	19	47	2	3	9	20	41	6	8	27	46	103	6	13	33	78	132	1	4	4	16	36	1	2	9	11	40	7	9	19	42	85	6	13	33	67	141
PGFRB_709_721		4	8	17	40	66	5	6	19	32	76	6	15	34	71	141	8	14	40	80	166	3	9	18	38	68	3	4	12	27	54	6	14	31	78	140	6	18	37	81	153	2	6	16	33	50	1	5	16	34	52	6	14	32	77	156	11	21	56	111	220
PGFRB_768_780		-2	2	4	10	7	1	-1	5	6	10	-1	2	8	16	43	2	5	11	28	54	-1	-3	2	1	12	0	1	6	9	14	2	3	10	29	42	1	6	20	27	60	0	4	9	11	22	0	4	5	7	17	4	1	10	16	40	2	5	17	28	65
PGFRB_771_783		-1	0	4	5	2	-1	0	5	-1	3	0	1	4	12	23	3	6	14	30	44	0	2	2	3	9	2	4	6	6	12	0	2	9	17	25	1	4	11	17	45	1	2	3	6	4	0	0	8	2	12	3	3	6	13	30	3	5	10	33	64
PLCG1_1246_1258		1	0	-3	-1	8	1	3	6	8	8	0	1	1	7	7	1	0	3	1	2	-1	-1	1	6	19	0	-2	-1	-3	-1	2	2	5	18	21	-1	2	2	2	12	1	3	8	12	28	1	5	8	12	40	3	0	-4	3	8	3	3	4	11	21
PLCG1_764_776		32	62	152	322	636	26	50	133	260	537	54	113	291	568	1140	71	143	354	718	1432	29	59	145	298	613	23	47	118	250	489	56	110	283	572	1118	58	127	308	627	1255	29	58	143	299	589	26	51	129	258	521	58	116	300	593	1196	72	141	369	734	1478
PRGR_545_557		0	-1	-9	-8	-29	-2	-2	-7	-16	-35	-3	-5	-7	-15	-30	0	-2	-5	-9	-25	-1	-1	-3	-14	-32	-2	-4	-8	-12	-42	1	-3	-7	-4	-13	-2	0	-2	-13	-11	-2	-5	-6	-14	-36	2	-4	-4	-17	-25	3	-4	-6	-12	-25	0	-1	-8	-3	-21
PRGR_786_798		1	3	0	6	26	5	0	2	1	8	0	1	8	14	32	1	4	15	36	49	0	-1	3	8	12	0	-1	3	11	14	3	2	12	28	52	2	6	10	29	62	-1	-1	1	3	12	1	1	4	5	13	2	2	7	14	33	0	2	5	14	38
PP2AB_297_309		1	3	5	6	31	3	4	4	9	23	2	4	6	26	60	1	4	6	23	52	1	3	9	15	39	-1	1	9	7	19	3	5	10	18	52	3	7	11	27	52	1	3	3	10	28	1	3	7	24	42	4	4	10	28	52	1	8	13	25	50
PRRX2_202_214		2	10	24	51	91	2	8	20	38	79	7	12	35	76	156	8	17	43	88	177	3	6	18	39	79	4	12	23	47	94	10	15	38	79	156	8	19	49	95	203	1	9	20	41	83	1	5	19	35	74	5	14	37	88	181	11	23	49	103	215
PTN11_539_551		0	1	6	4	22	3	1	11	12	25	0	0	2	7	15	2	2	4	8	16	1	3	1	7	20	1	1	6	13	34	0	4	6	7	17	1	4	8	21	38	2	1	3	5	22	1	2	5	6	23	1	3	7	9	25	1	4	11	29	56
RB_804_816		2	5	11	18	49	3	6	9	20	47	2	5	13	29	75	0	9	20	33	79	2	4	11	29	46	3	8	8	15	46	2	6	14	25	57	3	8	19	36	84	3	3	12	24	48	2	3	12	23	42	2	7	17	38	67	5	9	20	46	97
RBL2_99_111		0	-5	-9	-15	-32	-1	-2	-8	-17	-31	1	-8	-7	-13	-16	0	-3	0	-3	-1	-3	-2	-7	-12	-23	-1	-2	-6	-9	-28	-1	0	1	-9	-14	2	3	4	-1	8	0	-1	-5	-11	0	-1	-3	-7	-13	-26	-3	-2	-1	-4	-15	-1	-2	-4	-6	-11
RET_1022_1034		14	25	66	131	279	12	26	60	118	234	25	52	126	267	522	25	60	142	293	587	12	26	64	132	270	9	20	55	114	223	24	51	125	255	518	31	57	152	295	611	13	27	72	127	281	12	26	64	127	259	27	57	133	282	560	33	68	173	349	699
RET_680_692		-3	-3	-6	-19	-37	-1	-2	-4	-13	-27	-3	-4	-6	-25	-30	-2	-3	1	-18	-30	0	-3	-6	-13	-22	-4	-1	-6	-14	-24	-3	-4	-8	-10	-26	-1	-5	-4	-11	-26	-2	-2	-12	-18	-35	-3	-1	-10	-15	-35	-2	-2	-12	-19	-42	0	-2	-10	-11	-28
RON_1346_1358		4	4	11	25	52	3	5	5	12	36	4	10	19	50	110	4	13	32	63	125	1	6	10	25	47	0	4	6	12	30	7	15	25	60	109	4	13	31	60	119	2	7	13	30	62	0	2	5	14	46	3	10	28	57	109	4	12	36	68	136
STAT1_694_706		-2	-3	-12	-17	-41	0	-2	-5	-14	-32	-3	-3	-10	-21	-45	-4	-4	-7	-8	-17	-2	-1	-14	-19	-41	-1	-1	-4	-10	-22	-4	-3	-8	-20	-28	1	-2	-10	-14	-30	-1	-2	-9	-19	-19	-1	0	-5	-17	-32	-2	-2	-14	-22	-39	-1	-1	-11	-15	-38
STAT3_698_710		-2	-6	-7	-15	-39	1	0	-2	-13	-18	-3	-2	-4	-12	-18	-1	-1	1	-4	-5	-1	0	1	-1	-2	-1	1	-6	-4	-21	-1	-4	-8	-13	-25	0	-3	-4	-9	-14	-1	-2	-3	-18	-12	0	-1	-5	-4	-21	-1	-2	-5	-3	-11	0	0	-2	0	-7
STAT4_686_698		0	-2	-4	-16	-33	0	1	-7	-12	-19	-2	-3	-6	-13	-19	-3	-4	-10	-21	-27	0	-2	-8	-9	-26	-2	-2	-8	-12	-26	-1	-3	-4	-12	-25	0	-3	-8	-16	-31	1	0	-5	-15	-24	-2	0	-7	-10	-15	-3	-4	-9	-26	-50	-2	-3	-11	-19	-30
STAT4_714_726		-1	-1	-5	-8	-8	0	-2	-9	-10	-22	0	1	0	5	23	1	4	9	24	39	-1	2	-2	-6	-6	1	2	-2	-8	-8	2	0	7	9	23	2	0	8	10	29	0	1	-2	-5	-2	-2	0	-7	-6	-17	0	3	4	14	30	3	5	17	26	58
STA5A_687_699		-2	-3	-7	-11	-20	-3	-3	-8	-11	-31	-2	-1	-4	-9	-24	-1	-1	-7	-12	-31	-2	-3	-10	-23	-26	-3	-4	-10	-28	-28	-2	-1	-7	-16	-38	-2	-5	-10	-11	-19	0	-1	-8	-9	-16	-1	-4	-7	-9	-25	-2	-3	-12	-21	-43	0	-3	-9	-9	-28
STAT6_634_646		0	-3	-12	-15	-36	0	-4	-8	-14	-26	-2	-2	-14	-17	-35	-2	-1	-1	-20	-16	-2	-2	-2	0	-15	0	-1	-5	-6	-7	-3	-2	-7	-15	-33	1	-1	-5	-9	-16	-2	-2	-7	-7	-15	-2	-4	-6	-13	-21	0	-1	-4	-12	-13	-1	0	-3	-4	-10
RAF1_332_344		8	15	36	71	143	5	8	30	61	126	11	23	55	106	212	8	24	56	113	235	5	14	32	72	150	4	13	36	70	138	10	22	58	114	218	13	24	69	142	282	6	12	37	72	147	8	16	33	69	134	9	22	55	109	218	14	24	69	131	273
RASA1_453_465		10	19	49	100	202	10	18	43	84	176	23	46	114	234	469	22	47	123	255	515	10	24	53	105	209	8	20	46	98	192	21	46	120	237	476	27	58	147	287	600	10	19	53	99	197	8	17	43	89	183	23	50	117	237	489	32	61	151	313	614
TNNT1_2_14		-6	-9	-21	-37	-81	-3	-6	-18	-40	-69	-3	-2	-8	-17	-41	-5	-4	-12	-27	-57	-4	-7	-13	-33	-68	-1	-7	-17	-36	-79	-3	-2	-14	-33	-52	-2	-4	-11	-24	-47	-5	-8	-23	-42	-87	-3	-7	-19	-41	-79	-3	-6	-13	-31	-68	0	-5	-11	-26	-49
TYRO3_679_691		7	13	31	55	107	5	11	33	66	119	11	19	45	101	190	7	16	46	89	181	6	13	30	64	123	4	14	30	58	120	6	15	38	81	169	8	16	42	89	186	7	12	31	56	124	3	13	26	55	103	8	19	43	86	174	10	22	55	108	216
VGFR1_1040_1052		0	3	4	7	12	0	0	3	0	9	1	5	12	23	42	2	1	10	20	59	0	3	3	6	7	1	-1	1	-1	4	0	6	10	20	28	2	5	17	22	50	4	2	12	24	40	1	2	4	13	23	1	4	9	19	41	4	5	16	30	64
VGFR1_1046_1058_Y1048F		-1	0	-3	-2	-3	-1	0	-4	-5	-3	-1	2	1	8	6	-3	-4	0	-9	-12	0	2	1	-6	-5	-1	0	-3	-3	0	-1	-2	0	-4	-6	0	-1	-4	-2	-18	-1	-1	3	-5	4	-2	0	3	-4	2	0	0	5	6	1	1	2	0	-1	5
VGFR1_1049_1061		0	-1	-2	-1	-5	2	0	-1	3	13	-2	1	-3	-2	5	-3	-1	1	-4	-8	-1	1	3	4	8	0	2	6	7	7	-1	1	0	0	4	0	1	-2	-5	-10	0	-2	1	-1	-1	-2	2	0	0	0	2	0	-1	-1	13	1	1	2	-9	-2
VGFR1_1162_1174		-2	-1	-7	-12	-20	0	-2	-5	-9	-23	-2	-4	-3	-14	-25	-1	-4	0	-4	-15	-4	-5	-6	-23	-22	-1	-1	-7	-16	-23	0	-2	-3	-8	-31	-1	-5	-1	-3	-15	-1	-3	-4	-17	-24	-3	-3	-6	-10	-33	-1	-2	-8	-6	-28	0	-1	-5	-8	-9
VGFR1_1206_1218		-1	4	-3	-2	-3	0	-1	-2	4	-1	0	4	2	4	5	1	0	2	5	8	-2	-2	-2	-5	-13	0	0	-3	1	1	-1	-1	-1	0	8	3	0	2	3	18	0	2	2	0	6	-1	-1	-1	-7	-9	0	0	-5	-4	-14	-1	-1	-1	4	17
VGFR2_1046_1058		2	6	7	23	40	0	-1	5	13	12	0	5	13	22	51	2	6	20	42	77	2	5	12	27	43	0	0	5	-1	14	2	8	11	32	56	2	2	11	23	44	3	4	12	24	41	1	5	3	18	27	4	4	13	26	56	4	9	20	45	83
VGFR2_1207_1219_C1208S		-3	-3	-8	-20	-46	0	-3	0	-10	-23	-3	0	-5	-9	-20	-2	-6	-5	-14	-25	-3	-1	-5	-8	-17	0	-4	-9	-15	-26	-2	1	-5	-9	-21	-3	-5	-11	-14	-34	-1	-2	-1	-14	-25	-2	0	-6	-7	-17	-1	-5	-9	-20	-45	-2	-6	-6	-15	-31
VGFR2_944_956		6	9	24	48	88	7	8	19	40	80	2	11	26	42	93	3	6	22	47	95	4	7	17	30	62	2	7	22	43	75	4	9	22	42	83	4	5	16	34	70	2	8	21	39	78	4	7	17	33	73	6	8	20	38	78	6	10	27	52	99
VGFR2_989_1001		14	29	71	137	271	9	19	55	109	219	21	49	119	241	478	31	58	152	313	637	12	25	59	116	231	6	19	43	93	188	25	45	124	241	492	29	57	144	286	591	10	25	62	125	240	12	21	50	105	209	25	41	117	229	467	30	53	127	273	538
VGFR3_1061_1073		4	-1	3	5	14	0	0	2	5	11	1	5	11	20	43	4	3	17	28	49	2	-1	1	11	14	1	1	6	8	11	2	5	15	18	50	1	5	14	18	49	1	2	3	5	19	-1	1	2	4	15	3	6	11	22	37	5	6	15	28	51
VINC_815_827		-2	1	0	1	2	-1	0	-2	-2	-8	-2	0	4	6	-1	1	0	-2	0	10	1	1	3	8	6	0	0	0	-8	-10	-1	1	-1	2	0	3	2	3	13	21	3	1	4	-2	5	1	-1	4	3	10	2	0	3	18	18	-2	3	4	14	17
ZAP70_485_497		3	7	20	43	90	2	8	18	33	76	10	21	52	113	250	12	20	63	115	246	4	9	25	49	93	6	8	22	44	85	12	20	58	111	227	14	28	65	142	288	5	11	28	51	95	3	7	19	41	87	12	21	54	107	223	14	32	74	151	311
ZBT16_621_633		2	0	6	4	12	1	3	7	11	22	-1	3	9	11	32	2	0	8	8	31	-1	2	-1	2	12	-1	3	7	8	15	0	0	-5	1	-3	2	2	6	12	35	1	1	1	0	8	-1	2	4	13	23	1	2	4	4	24	2	3	11	12	41
FGFR1_761_773		-1	-2	-5	-9	-24	1	0	-6	-5	-15	1	0	-1	-2	-2	2	1	7	12	18	-2	-1	-2	-6	-11	-2	-2	-2	-7	-12	0	-1	1	5	13	0	0	4	6	28	1	1	2	5	9	-2	-1	-4	-14	-17	3	2	7	12	35	0	0	7	10	22
PGFRB_1014_1028		1	3	12	29	53	0	0	5	11	25	6	16	43	82	171	11	21	52	96	196	1	5	12	29	53	0	1	2	8	23	8	13	44	76	162	16	22	62	121	253	1	6	11	33	54	1	5	12	23	52	11	17	47	92	188	9	25	53	105	220
ERBB2_1241_1253		2	6	13	30	52	0	3	4	15	31	7	13	28	64	114	6	10	29	59	113	2	4	11	10	44	0	4	5	12	24	7	13	30	56	117	6	15	31	57	125	1	6	7	36	66	1	1	8	23	54	4	6	21	43	95	8	16	32	74	146
KSYK_518_530		1	2	3	17	45	1	2	8	20	26	0	8	12	35	63	4	4	13	29	64	2	0	7	7	18	0	1	1	2	13	3	5	17	37	61	2	8	18	36	75	2	3	1	1	12	1	2	8	11	14	3	4	14	24	57	4	11	17	44	72
MK12_178_190		2	4	11	26	49	0	4	8	13	25	2	4	4	15	29	1	5	10	28	47	1	-1	2	21	39	3	5	8	12	29	2	2	7	17	43	3	6	14	19	41	4	3	3	14	36	-2	3	7	18	31	4	7	17	22	59	2	3	11	25	39
MK14_173_185		-1	-3	-10	-21	-17	-3	-4	-10	-20	-36	-2	0	-3	-7	-12	0	-2	0	2	4	-2	-3	-8	-18	-53	-1	-3	-6	-8	-23	1	-1	-5	-6	-16	0	0	1	0	0	-1	-4	-4	-12	-31	0	-4	-5	-11	-35	-1	-1	-8	-6	-31	0	0	1	2	-10
PGFRB_572_584		19	37	95	184	370	12	27	72	154	298	28	58	154	303	606	39	68	185	381	740	16	30	82	172	349	11	25	64	130	262	26	56	142	286	563	29	59	141	307	608	18	34	82	174	341	14	29	75	155	300	32	63	163	319	671	37	82	203	416	831
TEC_512_524		4	6	12	19	46	2	4	8	25	47	5	7	26	55	110	8	12	32	60	132	3	3	12	27	45	2	4	11	18	33	5	11	28	62	110	4	11	27	55	104	1	4	12	22	48	3	4	11	28	48	5	6	17	37	83	6	12	36	60	130
VGFR1_1235_1247		-1	-2	-3	-9	-17	-2	-6	-7	-21	-30	-2	-3	-4	-19	-25	-1	-4	-7	-11	-13	0	-1	-8	-11	-23	-1	-2	-1	-9	-11	-1	-3	-11	-14	-24	-1	-2	-7	-10	-16	-2	-3	-7	-10	-22	-1	-2	-6	-9	-14	0	-2	-7	-12	-38	-2	-4	-4	-10	-29
VGFR2_1168_1180		0	1	2	-1	-1	-3	1	2	3	0	0	5	11	27	58	3	3	18	44	69	0	-2	0	1	1	-1	-1	3	2	-5	2	4	10	11	41	1	5	14	28	50	-1	2	5	8	12	2	2	1	6	12	4	3	10	23	43	1	8	21	28	57
ANXA1_14_26		2	3	21	24	57	1	4	13	22	41	6	18	43	92	177	13	24	59	112	232	3	5	25	41	71	1	6	11	22	39	9	18	46	104	201	11	23	53	110	228	5	6	13	27	53	5	4	12	30	47	10	17	47	93	184	10	22	52	100	203
EGFR_1165_1177		1	5	13	17	40	3	0	3	9	23	0	2	7	18	42	1	4	8	21	44	-1	4	8	17	39	0	1	7	15	14	2	7	13	25	63	0	7	12	21	61	1	3	13	20	44	2	4	6	16	34	2	1	9	11	25	0	0	6	17	24
EPOR_419_431		1	4	5	9	29	1	0	4	2	23	2	4	17	32	68	4	7	18	37	80	2	3	5	3	25	-1	0	5	12	19	1	10	13	45	78	1	7	24	44	94	1	3	6	14	46	4	3	5	13	21	2	9	19	33	68	5	9	26	48	98
ERBB4_1277_1289		-1	3	4	3	9	1	1	1	9	15	1	4	9	19	38	0	3	4	10	21	1	1	1	10	16	1	5	9	10	26	3	2	9	28	48	0	4	14	25	36	1	2	9	15	31	0	2	3	4	11	0	3	7	10	26	4	6	11	18	47
FGFR2_762_774		1	6	12	24	45	4	0	7	16	30	3	9	27	56	108	7	7	32	59	111	2	4	10	20	45	0	-1	5	14	26	3	13	31	48	103	4	11	27	62	103	4	5	18	33	54	2	2	5	6	22	4	9	27	57	116	6	10	25	49	107
FGFR3_753_765		1	4	9	7	17	0	-2	-3	-6	10	6	7	24	38	99	3	7	19	56	91	2	0	4	11	29	0	0	4	3	5	5	8	25	44	93	3	8	31	63	103	-1	0	7	10	24	-1	1	0	11	16	3	12	39	69	138	5	10	23	48	95
P85A_600_612		9	20	47	103	204	10	17	44	82	176	21	40	102	209	415	23	42	110	231	452	10	18	51	94	179	8	15	37	81	161	24	44	116	220	463	21	48	126	250	504	8	19	53	110	204	9	19	48	97	196	21	46	116	239	473	25	52	138	279	553
PDPK1_369_381		8	17	40	72	153	8	17	34	76	162	13	27	72	152	296	13	33	73	161	314	9	16	42	90	163	5	15	34	72	145	14	30	71	145	274	17	28	79	159	321	8	13	45	85	161	8	16	36	75	156	12	28	73	140	270	17	33	85	171	346
AKT1_170_182		3	6	18	27	55	1	5	8	20	42	0	4	5	15	30	4	3	13	24	53	3	6	13	21	43	4	2	10	18	47	3	3	12	12	31	0	3	15	21	37	0	5	11	30	50	3	5	6	22	46	0	5	15	25	60	-1	6	15	24	54
AKT1_309_321_C310S		-2	3	0	-1	-17	-1	-2	-8	-7	-16	1	1	5	14	23	3	4	9	13	49	1	-1	1	-5	4	0	-2	-5	-8	-12	0	2	4	6	18	2	5	8	16	36	-2	-1	1	-3	2	-1	0	1	-2	1	2	3	6	12	19	2	4	11	19	49
AKT1_320_332		-2	5	0	18	6	0	3	5	12	11	-1	2	5	13	40	6	4	9	25	53	2	2	9	19	46	3	2	0	6	11	4	4	12	24	38	2	5	10	25	50	0	4	8	17	29	0	2	3	9	24	0	3	10	23	54	1	5	15	20	61
ARAF_297_307		3	12	27	57	107	3	6	23	46	90	7	14	37	67	150	9	19	47	82	174	4	8	27	54	101	3	9	20	40	86	5	15	39	75	161	6	16	38	65	138	5	11	34	59	121	5	9	19	42	90	5	11	27	57	126	7	17	42	80	155
BTLA_252_262		1	7	12	29	58	3	5	6	19	42	8	8	27	48	108	7	13	29	59	124	4	1	11	16	49	2	4	10	19	42	5	9	28	44	96	4	10	25	58	109	1	2	12	20	37	2	2	7	19	32	3	10	24	48	106	6	13	37	72	152
CD28_185_197		2	3	10	18	32	3	1	7	20	37	3	4	12	28	52	3	4	16	19	55	2	2	7	15	28	-1	2	9	16	25	2	5	13	21	50	1	3	15	20	48	2	4	12	18	45	0	3	9	24	40	2	5	13	24	49	2	3	12	30	54
CD28_203_215		3	7	22	46	84	4	8	23	50	94	5	7	22	39	98	6	12	28	57	115	2	6	24	46	93	2	9	22	51	97	8	12	31	58	115	5	11	23	55	109	4	8	22	39	76	4	6	21	45	90	5	12	34	60	126	8	13	33	66	136
CD3E_182_194		8	20	47	92	175	6	16	38	76	147	18	40	108	213	426	20	40	101	208	422	8	19	44	93	182	10	15	37	82	159	21	40	107	215	449	26	48	122	258	503	8	20	46	87	182	5	17	43	77	159	21	38	95	195	398	25	50	122	256	523
CD3E_193_205		4	3	22	39	82	1	5	15	31	62	7	16	33	77	146	8	16	35	69	129	2	6	14	35	79	2	6	22	35	73	7	12	38	68	137	10	16	42	76	174	5	6	22	45	88	0	2	19	36	69	8	14	36	73	142	8	16	40	81	172
CD3Z_135_147		4	3	12	34	62	3	6	15	26	67	7	15	37	75	141	5	17	40	83	160	1	5	15	27	57	1	6	13	26	47	6	15	38	70	132	11	27	57	124	244	3	7	15	41	72	2	4	11	25	45	7	16	34	77	156	10	21	53	102	218
CD3Z_147_159		-2	-3	-7	-14	-28	-2	0	-2	-10	-23	-1	4	4	2	11	1	0	2	2	4	-2	-1	-1	-12	-20	-2	-2	-5	-10	-20	1	-1	3	-6	1	1	3	7	9	8	-1	-1	-4	-9	-21	-4	-5	-9	-9	-36	0	1	3	8	14	1	1	4	0	6
CD70_9_21_C17S		9	24	65	130	257	12	26	61	119	246	14	30	81	161	309	12	29	75	147	305	10	25	64	129	267	9	20	53	112	220	13	25	66	128	261	14	26	80	155	307	11	24	60	134	262	11	21	57	117	240	17	34	85	174	336	15	31	79	163	331
CDK1_9_21		14	26	67	136	271	9	24	54	110	219	31	63	167	323	647	33	61	164	336	662	11	25	66	124	258	8	18	52	110	211	32	64	156	327	649	39	71	190	388	775	13	22	59	129	252	9	21	57	118	232	34	66	170	355	704	45	86	221	452	902
CDK4_11_23		5	6	17	37	81	4	5	12	29	52	7	17	39	75	164	11	19	49	102	203	4	7	17	30	72	1	7	8	19	49	10	13	40	87	154	13	25	58	115	237	1	6	8	26	59	2	2	12	31	53	9	19	45	88	180	13	22	63	124	250
ERBB3_1283_1295		2	0	1	-4	-4	-2	-2	-8	-11	-10	-1	-3	-8	-11	-8	1	4	4	3	2	-1	-2	-3	-7	-15	-1	-2	-4	-10	-16	-1	-3	-6	-4	-12	-1	-1	-2	-2	-2	-2	-1	-4	-1	-7	-3	-4	-6	-3	-21	-1	-1	3	8	11	0	-2	1	-5	1
FYN_525_537		-1	-6	-14	-29	-55	-2	-6	-16	-31	-69	-2	-2	-9	-25	-50	0	-2	-9	-12	-35	-1	-7	-19	-29	-59	-5	-5	-11	-27	-62	-1	-4	-10	-27	-46	-1	-4	-7	-14	-37	-3	-7	-16	-32	-66	-3	-9	-17	-35	-57	-2	-5	-15	-31	-47	1	-5	-10	-24	-48
GAB2_638_648		-1	-5	-12	-14	-34	-2	-3	-11	-16	-28	-1	5	-2	-3	-3	1	0	-2	1	-2	0	1	0	-4	-3	1	-3	-4	-17	-33	-2	-2	1	-5	1	-1	-1	-2	2	-2	-2	1	-6	-11	-32	-3	-6	-7	-11	-22	-2	0	-3	1	-14	0	-1	-2	-5	-2
GSK3B_210_222_C218S		3	9	20	42	77	2	5	13	29	52	3	10	28	56	112	3	7	24	46	90	2	7	18	30	61	0	4	13	29	50	6	10	22	53	97	3	7	22	40	86	4	6	16	35	76	-2	7	14	29	56	6	6	22	43	89	5	11	28	58	118
IRS2_626_638		7	25	57	110	227	9	20	56	115	218	13	31	68	137	288	15	33	76	170	332	8	21	51	119	218	10	19	46	108	215	16	31	78	155	309	14	30	80	162	323	11	20	53	114	222	10	20	55	120	231	13	28	68	137	270	17	28	81	168	333
JAK1_214_226		-1	-1	-7	-5	-11	-1	-1	-1	-1	4	-2	0	-2	-5	-14	-1	-2	-3	-1	-8	0	-3	-7	-8	-21	-1	-3	-3	-5	-7	0	-1	-1	-9	-11	-1	0	-4	-6	-7	0	-2	0	3	-2	-2	-3	-3	-3	-7	1	-2	-5	-5	-11	2	-1	1	-3	-1
JAK2_1001_1013		0	-6	-8	-6	-23	1	-2	-2	-7	-8	-6	-1	-5	-1	-18	-1	-3	-4	-3	-5	0	-2	-5	-3	-12	0	-1	-7	-11	-22	-1	3	-2	-2	-11	0	-2	-2	-9	-14	0	-2	-7	-13	-21	-4	-3	-3	-6	-17	0	-1	2	-6	-16	-2	-5	-4	-4	-13
JAK3_974_986		3	5	23	34	81	2	6	16	30	64	8	14	38	79	160	7	16	38	82	155	1	3	19	33	61	2	8	14	40	64	8	13	36	73	166	8	17	38	79	170	4	3	16	34	68	3	4	19	36	78	6	12	30	60	124	9	17	40	82	161
KIT_930_942_C942S		9	23	54	105	213	10	18	44	97	185	25	49	117	236	479	26	51	134	273	541	6	15	44	98	185	9	22	41	99	182	25	48	115	247	495	32	64	156	335	666	9	20	49	93	192	9	19	47	89	191	25	46	125	248	504	31	60	155	313	622
LYN_391_403		2	3	13	17	50	1	4	8	18	33	7	18	40	83	163	9	20	51	99	204	2	3	11	29	51	2	6	12	22	50	10	13	38	84	168	12	22	59	124	237	3	5	12	24	46	0	2	14	20	36	6	16	42	83	174	9	22	55	107	214
LYN_501_512		-3	-3	-3	-5	-21	-2	-1	-8	-20	-23	1	0	-1	0	-2	-3	-1	-3	-7	-12	-1	-3	-6	-7	-13	-2	-5	-6	-2	-13	2	-1	-3	-3	-15	0	-1	-4	-5	-12	0	-2	-3	-14	-23	-3	-2	-7	-17	-28	-1	-4	-4	-10	-17	-1	-1	-4	-11	-14
MAPK3_198_210_C203S		-2	2	6	1	4	1	2	7	6	15	2	1	7	10	17	-1	1	8	13	44	0	-2	2	5	9	-1	2	3	1	8	2	2	3	7	14	1	1	9	19	38	1	2	5	13	21	1	1	3	6	12	0	3	6	8	12	3	3	11	22	39
MET_1228_1240		2	6	12	30	55	3	5	7	21	37	5	8	24	61	112	3	11	28	58	114	2	5	7	21	34	2	3	13	18	44	8	10	31	54	117	7	13	34	68	145	5	4	14	20	62	2	4	11	21	37	7	12	26	54	111	9	15	34	71	146
MET_1360_1370_C1361S		-5	-4	-6	-26	-44	0	-3	-15	-28	-53	-4	-8	-16	-35	-71	-2	-3	-10	-14	-39	0	-6	-4	-20	-40	-3	-4	-5	-14	-40	0	-5	-11	-20	-56	-2	-5	-10	-25	-40	-1	-5	-12	-20	-45	-1	-4	-9	-25	-39	-3	-4	-8	-16	-44	-1	-4	-12	-27	-49
MK01_200_209		-1	2	2	7	7	1	1	2	0	1	-1	-1	-4	-6	-14	-2	0	1	1	8	0	0	1	2	-7	0	0	5	3	2	4	-1	2	4	3	2	1	1	-1	1	0	-2	-2	1	7	0	-3	3	-4	9	1	-1	4	11	14	1	2	2	1	11
MK03_199_208		0	4	8	10	27	-1	3	1	2	1	3	2	8	26	36	4	7	22	45	58	1	1	1	7	17	0	1	7	1	7	3	3	9	26	43	3	9	20	35	88	2	4	6	3	22	0	1	1	0	11	1	7	15	33	69	4	7	24	44	83
MK08_181_191		6	15	33	70	134	5	12	28	58	106	7	16	36	77	152	5	18	43	84	166	7	11	34	61	125	4	10	24	48	96	10	14	35	65	125	9	12	39	72	157	9	11	31	62	123	3	5	22	47	89	7	13	34	83	168	8	18	47	89	180
MK12_180_189_M182B		1	4	5	21	36	3	6	4	24	30	4	3	12	23	57	4	9	16	28	64	1	4	10	27	45	0	3	5	11	18	4	5	17	26	56	1	4	10	24	47	2	3	5	11	41	2	3	9	18	39	2	1	11	20	40	3	6	10	27	55
MK14_177_187		0	-1	8	0	15	-1	4	5	8	14	1	2	3	13	29	2	4	5	11	27	3	3	4	12	12	-1	1	2	8	14	3	2	6	12	26	2	6	12	12	32	3	1	1	9	26	2	0	7	12	15	1	4	5	11	36	3	2	8	19	41
PDCD1_221_229_FS219_220KK		-2	-1	1	1	9	0	3	-4	3	3	-1	2	12	14	30	1	8	14	27	42	1	1	-1	-3	-3	-1	0	1	2	5	2	3	9	21	26	3	5	11	9	52	3	0	5	11	15	-1	0	3	5	8	0	1	4	5	33	3	5	9	-20	38
PECA1_708_718		44	89	232	469	929	37	78	200	417	835	100	194	507	1014	2039	123	254	623	1269	2570	44	90	228	471	911	37	82	203	414	818	104	208	527	1071	2145	120	246	617	1243	2516	44	90	222	448	901	42	86	212	428	864	108	208	545	1108	2171	116	241	614	1211	2472
PLCG1_777_789		1	2	1	-2	12	1	-1	-1	-7	-15	-2	1	-4	-4	-2	-1	-1	6	9	15	-2	0	-1	-2	0	-2	0	2	4	3	1	0	4	1	15	3	-1	1	6	2	-1	0	-1	1	0	-1	5	4	-1	-1	-1	0	0	-4	-2	1	1	-2	3	2
PLCG2_1211_1223		1	-1	-3	-5	-9	2	1	-4	-4	-12	0	-1	-8	-11	-21	0	0	-3	-2	-8	-1	1	-4	-3	-16	0	1	-5	-4	-14	1	0	-2	-4	-13	-1	0	-2	-4	-14	1	1	-3	-4	-9	1	-2	2	-6	-7	2	0	-1	-3	-30	-1	-4	-5	-1	-8
PTN11_541_551		5	7	11	19	40	1	5	7	23	47	0	5	9	25	51	-1	2	10	19	47	0	3	8	25	52	2	3	6	18	40	3	4	14	20	45	2	4	11	28	59	1	2	10	19	36	0	3	6	15	34	3	5	13	26	38	3	2	20	37	72
PTN11_57_67		18	30	76	152	319	16	32	76	148	313	32	66	159	320	662	32	65	176	368	709	16	32	81	169	332	11	24	69	139	276	30	62	164	319	642	37	77	196	398	794	14	32	74	151	305	13	26	69	135	288	31	57	154	321	638	35	64	175	348	682
PTN6_531_541		29	62	144	297	590	25	48	130	260	506	66	140	347	687	1383	77	159	408	819	1664	31	58	150	298	616	21	48	130	257	494	66	132	335	672	1358	88	173	447	869	1801	29	56	141	294	594	25	56	139	275	555	75	148	385	764	1508	84	171	432	880	1747
PTN6_558_570		11	22	52	103	207	9	18	37	79	153	22	43	103	212	423	19	42	107	223	432	9	15	39	87	186	10	14	43	89	166	19	39	106	216	425	28	51	132	274	540	8	18	45	85	182	8	18	44	85	179	23	44	117	245	478	27	54	132	271	531
SHC1_309_321		4	5	12	25	48	3	8	14	25	53	-1	6	8	24	50	2	5	14	28	57	4	5	11	22	52	1	2	6	23	36	4	6	13	24	42	4	3	7	27	51	3	7	13	28	60	1	7	15	20	42	2	5	9	21	50	2	6	19	27	63
SRC_524_536		-4	-4	-10	-22	-41	-5	-6	-14	-31	-73	-5	-3	-15	-26	-53	-4	-3	-4	-27	-37	-2	-4	-11	-35	-58	-4	-7	-11	-20	-42	-2	-1	-13	-15	-43	-1	-3	-5	-17	-40	-4	-5	-13	-29	-48	-5	-8	-17	-29	-63	-3	-3	-12	-26	-49	-1	-5	-9	-19	-32
STAT2_684_696		4	9	21	43	100	3	9	21	44	86	3	12	25	46	90	5	10	29	51	114	4	8	20	35	71	3	6	23	36	81	5	8	21	38	74	8	7	20	41	89	4	10	24	40	85	2	9	24	40	79	5	11	23	46	91	5	14	30	53	116
TIE2_986_998		2	2	2	3	8	2	0	2	2	-2	1	2	3	9	19	1	2	7	7	16	0	0	-3	1	10	-2	-2	0	2	7	2	-1	2	-1	6	-1	4	5	8	10	2	-2	-2	-4	3	-1	1	-1	4	-3	0	0	4	7	8	3	0	6	12	23
TYK2_1048_1060		5	10	13	30	60	2	4	14	20	44	4	10	19	48	92	4	12	35	53	134	4	4	13	32	61	0	2	12	20	54	6	7	26	53	93	6	10	23	43	85	4	6	13	31	62	2	5	13	33	63	2	6	18	38	69	7	11	26	52	107
VGFR1_1320_1332_C1320K/C1321K		1	-1	-5	-11	-20	-1	-1	-6	-7	-23	-1	-1	-4	-12	-22	0	-1	0	-4	-7	-1	-1	-8	-10	-24	-2	-1	-3	-3	-7	0	-2	-2	-6	-11	-1	-5	-6	-9	-16	-2	-2	-5	-13	-28	-1	-2	-4	-9	-20	-1	-4	-7	-14	-30	2	-2	0	-1	-1
VISTA_260_270		8	14	42	81	177	12	16	43	89	178	9	19	51	110	213	12	20	60	112	223	10	16	39	75	162	6	16	43	91	161	12	20	49	92	186	11	20	45	101	187	9	15	42	85	173	7	17	43	86	180	10	22	57	110	230	12	22	52	107	215
YES_420_432		2	7	17	35	59	3	5	8	19	39	9	15	41	91	163	11	20	63	117	250	3	6	19	31	62	2	4	18	26	54	11	18	47	96	183	12	19	52	114	222	1	7	13	36	71	2	3	12	25	57	9	17	45	94	183	11	23	58	114	232
CD79A_181_193		164	322	813	1653	3278	157	321	794	1602	3217	240	502	1220	2433	3207	237	480	1222	2457	3279	156	326	789	1575	3162	148	304	766	1578	3102	250	518	1297	2568	3223	266	537	1397	2722	3224	154	308	787	1561	3128	156	304	796	1610	3219	246	492	1235	2497	3305	236	490	1247	2487	3324
CD3Z_77_89		0	3	9	18	28	3	5	5	11	21	4	6	20	39	60	4	9	19	42	82	1	1	4	9	27	1	1	3	6	33	3	8	20	42	92	5	8	27	49	100	2	5	5	18	25	2	3	8	13	28	2	5	18	39	90	2	10	20	46	96
CD3Z_105_117		11	18	40	81	165	5	13	38	72	143	21	38	97	192	395	18	42	112	235	434	8	14	47	82	172	6	13	35	79	141	19	37	93	199	414	23	46	130	256	506	6	16	34	75	153	4	11	31	61	130	19	37	93	198	387	21	42	115	237	470
CD3Z_117_129		0	0	-2	-5	-10	-1	-1	-2	-7	-9	0	8	28	45	94	2	8	23	45	88	0	-1	0	5	3	-2	2	0	-5	2	5	7	20	39	85	3	9	32	51	107	1	-2	-1	-4	2	0	-1	-6	-10	-20	5	7	19	43	85	4	12	29	52	111
MUSK_548_560		2	-1	2	-2	8	-1	1	1	-1	-1	0	2	5	6	18	3	-1	1	11	12	2	1	3	5	15	-1	-2	3	9	13	2	1	3	2	12	-1	2	5	11	17	0	1	4	8	14	0	1	4	7	4	1	-1	3	12	17	-1	2	3	4	14
ODBA_340_352_D340K		-2	-4	4	-16	-29	-1	-4	-9	-20	-41	0	-2	-6	-18	-29	-1	-3	-4	-14	-8	-2	-4	-8	-20	-35	-4	-4	-8	-12	-30	-2	-4	-2	-6	-25	-4	1	-2	-2	-14	-1	-1	-7	-12	-26	-1	-4	-5	-12	-33	-1	1	-3	-10	-18	0	0	-6	-3	-14
GAB1_622_632		0	-3	-4	-7	-15	-2	-1	-5	-16	-19	0	-2	-2	-8	-22	0	-3	-3	0	-2	1	0	0	1	3	-1	-1	-1	-7	-10	1	-1	-5	-3	-9	0	0	0	3	-5	1	0	-7	-9	-19	0	-3	-3	-8	-7	0	-2	-1	1	-4	0	0	-2	-6	2
HAVR2_257_267		6	7	24	43	94	3	10	21	40	86	13	26	61	127	266	12	29	75	152	301	3	10	27	54	106	1	4	17	45	78	11	25	67	132	255	17	29	82	165	329	8	12	30	56	121	1	13	25	47	102	20	33	90	184	374	20	42	102	203	413
IRS1_890_902		0	4	7	14	33	0	-1	6	15	10	5	6	12	27	59	3	6	15	42	81	-1	2	9	10	17	0	-1	5	7	23	3	3	10	19	37	2	5	13	30	56	0	1	3	8	21	-1	2	6	6	23	4	9	18	32	63	2	9	11	34	72
ZAP70_313_325		47	95	238	486	964	47	93	233	473	943	62	122	312	629	1266	71	145	380	748	1506	43	87	235	477	942	36	82	204	419	828	57	115	293	604	1191	66	135	344	699	1378	43	88	223	438	878	42	87	222	447	899	61	128	328	649	1309	71	138	358	715	1435
MPZL1_236_246		8	13	38	61	135	5	14	27	56	124	13	29	74	147	291	17	32	89	179	357	6	14	33	64	136	4	10	23	51	96	13	24	67	138	277	14	30	81	159	316	7	15	30	73	139	5	12	32	68	145	12	25	67	142	297	17	35	88	173	356
PLCG2_1191_1203_C1200S		39	75	190	384	771	32	70	171	345	696	71	138	361	710	1434	81	171	431	885	1752	37	74	188	376	763	32	63	162	319	648	68	139	364	735	1452	80	159	419	810	1646	34	73	191	384	756	33	69	175	350	709	71	149	387	759	1537	77	159	403	822	1651
PTN11_580_590		6	4	22	42	76	3	7	16	37	74	9	13	42	80	158	7	19	44	95	192	3	8	14	38	69	1	4	16	31	70	7	15	38	80	163	8	18	48	94	180	3	7	21	31	74	3	13	20	40	82	9	15	45	86	183	12	20	48	95	187
ENOG_37_49		72	141	362	721	1438	65	131	339	670	1331	90	180	460	930	1844	104	222	562	1103	2190	67	141	360	731	1446	65	130	335	689	1370	96	194	489	980	1964	106	211	530	1073	2171	63	125	311	636	1271	63	132	325	667	1307	100	198	487	1000	1982	107	225	563	1154	2257