Kinase Uniprot ID	Kinase Name	Mean Specificity Score	Mean Significance Score	Mean Final Score	Median Final score	Mean Kinase Statistic	Median Kinase Statistic	SD Kinase Statitistic	Mean peptide set size
P43403	ZAP70	2.34129663406392	0.96657624451305	3.30787287857697	3.36451625318509	1.63467749015223	1.64248495720679	0.0390932349107214	48.2222222222222
Q04912	Ron	2.15080475013061	0.96657624451305	3.11738099464366	3.36451625318509	2.36507658671465	2.3293395617058	0.231048004517312	6.66666666666667
P43405	Syk	2.29687172822541	0.96657624451305	3.26344797273846	3.18842499412941	1.57293470429303	1.58281619379879	0.0372211128708371	56.6666666666667
P42685	FRK	2.20681119718249	0.96657624451305	3.17338744169554	3.06348625752111	1.6435578305237	1.64183587499732	0.0507518075778584	43
P51451	BLK	2.03235161675535	0.96657624451305	2.9989278612684	2.96657624451305	1.87303197836488	1.92026594912486	0.121815575867386	19.3333333333333
P29376	LTK	1.73791494981432	0.96657624451305	2.70449119432737	2.76245626185713	2.05189426740119	1.94637757717314	0.461844257215992	12.8888888888889
Q13882	Brk	1.80029924766448	0.96657624451305	2.76687549217753	2.71130373940974	1.56914360573194	1.56167425910582	0.0653811400120068	51.7777777777778
P12931	Src	1.48968348247728	0.96657624451305	2.45625972699033	2.51941821317083	1.61705895160876	1.60754510641742	0.0421989324011083	34
P21860	HER3	1.43311377955131	0.96657624451305	2.39969002406436	2.36451625318509	1.60583417764297	1.61016907837634	0.0513046670614805	35.7777777777778
Q06418	Tyro3/Sky	1.34570991579319	0.96657624451305	2.31228616030624	2.25057290087825	1.59562281377553	1.56915709765581	0.0709827413719909	35.3333333333333
P07949	Ret	1.3428383040887	0.96657624451305	2.30941454860175	2.23418248469008	1.79535004551758	1.80719868835199	0.126508730716215	15.1111111111111
P08581	Met	1.302142187173	0.96657624451305	2.26871843168605	2.23418248469008	1.67660247501763	1.70877207019961	0.0738681124966558	23.2222222222222
P07332	Fes	1.19492268788899	0.96657624451305	2.16149893240204	2.21838821750685	1.78500204807204	1.8275752359349	0.205014216419067	11.5555555555556
Q9H3Y6	Srm	1.12618237120873	0.96657624451305	2.09275861572178	2.21838821750685	1.54301114858698	1.57208460026232	0.0586506132993859	35.3333333333333
P08631	HCK	1.19794973582385	0.96657624451305	2.1645259803369	2.20314825095011	1.67705416792289	1.67712834299764	0.106193843167817	20.8888888888889
Q06187	BTK	1.15032008819807	0.96657624451305	2.11689633271112	2.1741845550148	1.73339767480542	1.7401666295036	0.076142472811018	15.2222222222222
P08069	IGF1R	1.15198234050532	0.96657624451305	2.11855858501837	2.16039627052916	1.65420647821106	1.73234028500844	0.215562786595164	13.4444444444444
Q15303	HER4	1.14393126584776	0.96657624451305	2.11050751036081	2.10924374808178	1.71750343710537	1.67594792514856	0.265112579388471	22.1111111111111
P11362	FGFR1	1.10731085087497	0.96657624451305	2.07388709538802	2.02209357236288	1.86007160069828	1.74887345207843	0.287681690622276	10.4444444444444
H0Y8A4	RYK	1.02747187299097	0.96657624451305	1.99404811750402	2.0027884171675	1.90771649553502	1.92332072368651	0.106850169796572	5.44444444444444
P42684	Arg	1.00314731549925	0.96657624451305	1.9697235600123	1.9331524890261	1.50262783656394	1.51597449229062	0.0340415797634475	39.5555555555556
Q9UM73	ALK	0.902613630007074	0.96657624451305	1.86918987452012	1.89469423720693	1.52892202575182	1.51278020263757	0.0990267666353825	32.5555555555556
P07947	Yes	0.926560628586826	0.96657624451305	1.89313687309988	1.74126696278719	1.52937682520408	1.57663951717787	0.143956191007064	20.6666666666667
P06239	Lck	1.01087534555112	0.96657624451305	1.97745159006417	1.7310477976055	1.55311417507406	1.521280895998	0.0750710113514151	27.8888888888889
P00519	Abl	0.862747672655497	0.96657624451305	1.82932391716855	1.70650485652798	1.48363777821267	1.47771445674424	0.0435911417388615	42.5555555555556
P04626	HER2	0.886226398799626	0.96657624451305	1.85280264331268	1.70175842150351	1.57768668825127	1.55921005319504	0.186062132739777	24.3333333333333
P42680	TEC	0.858774455979291	0.96657624451305	1.82535070049234	1.69706330029513	1.54738999302426	1.50684571082859	0.119545819091311	29.7777777777778
P16591	Fer	0.596789801576398	0.96657624451305	1.56336604608945	1.69241839524937	1.51294875899218	1.5583212640372	0.294634755339822	10.2222222222222
P51813	Etk/BMX	0.660383793204636	0.96657624451305	1.62696003771769	1.68782264356022	1.49029850094241	1.51103373523538	0.0756366640237165	22.4444444444444
Q14289	FAK2	0.700619856650029	0.96657624451305	1.66719610116308	1.6527090241439	1.51200318402337	1.49600704366224	0.0451769330026488	24.7777777777778
P21709	EphA1	0.478487495979443	0.96657624451305	1.44506374049249	1.52882568169266	1.54833458469131	1.6421107741678	0.128912371397618	3.6
P30530	Axl	0.585581390391497	0.96657624451305	1.55215763490455	1.52882568169266	1.43662598455201	1.41732757531914	0.0384902583152043	46.3333333333333
P10721	Kit	0.532991632004223	0.96657624451305	1.49956787651727	1.52566716244783	1.49386910242789	1.51729423961266	0.065333144837083	11
P07948	Lyn	0.5528347674265	0.96657624451305	1.51941101193955	1.4923599804368	1.46145509718123	1.48474128025372	0.102185386386954	18.1111111111111
P16234	PDGFR[alpha]	0.495929744556717	0.96657624451305	1.46250598906977	1.46414912452862	1.54140367708791	1.54140367708791	0	5
Q16288	TRKC	0.64740632889692	0.96657624451305	1.61398257340997	1.45603123430644	1.51241382746074	1.45475242914923	0.158663303079234	13.1111111111111
P14616	IRR	0.478329068874484	0.96657624451305	1.44490531338753	1.44282977770149	1.5550881306004	1.5550881306004	0	4
Q05397	FAK1	0.546896667223222	0.96657624451305	1.51347291173627	1.44282977770149	1.44437330724822	1.43048416216378	0.0717955289555529	31.1111111111111
Q08881	ITK	0.451747228094394	0.96657624451305	1.41832347260744	1.42750014572027	1.4098348053121	1.42425710321069	0.0846616053507334	28.3333333333333
P06213	InSR	0.457732989531933	0.96657624451305	1.42430923404498	1.42003358103492	1.43114583731653	1.42901574576663	0.0633820905079047	18.5555555555556
P04629	TRKA	0.429082744973313	0.96657624451305	1.39565898948636	1.39603330463115	1.45022376818202	1.46078800139541	0.106525971218356	9.11111111111111
P42681	TXK	0.397131639515738	0.96657624451305	1.36370788402879	1.38908444467583	1.32484130009703	1.40703661693925	0.204563863842661	23.7777777777778
P09619	PDGFR[beta]	0.381271098500204	0.96657624451305	1.34784734301325	1.36669317243936	1.40426818496223	1.41418935720318	0.0695624464900911	12.1111111111111
P06241	Fyn	0.333560104734992	0.96657624451305	1.30013634924804	1.31724138580091	1.37015268489752	1.37573398478751	0.0829583331117579	14.3333333333333
P54764	EphA4	0.282239583969657	0.96657624451305	1.24881582848271	1.30952039165595	1.29074827035636	1.38783215426964	0.145625825869932	3.33333333333333
Q12866	Mer	0.314259760497814	0.96657624451305	1.28083600501086	1.29263424587896	1.36043644190739	1.3749461069723	0.0550196475255668	38.7777777777778
P54756	EphA5	0.285870863122696	0.96657624451305	1.25244710763575	1.27575521753405	1.30617427350521	1.35360683409745	0.0948651211844677	4.25
P22607	FGFR3	0.297588553714097	0.96657624451305	1.26416479822715	1.26072599580237	1.33225899656291	1.32372451347171	0.0554044022485759	7.16666666666667
P21802	FGFR2	0.315597777443543	0.96657624451305	1.28217402195659	1.25730628353722	1.34640356947109	1.34934014210803	0.0629167896753501	7.85714285714286
P29317	EphA2	0.287512836068186	0.96657624451305	1.25408908058124	1.25224648476782	1.29668954007074	1.30342868574462	0.139732947468714	4.88888888888889
P22455	FGFR4	0.338443879215418	0.96657624451305	1.30502012372847	1.22150145293099	1.3405306201724	1.31611331993997	0.113822889922976	13.7777777777778
P35968	KDR	0.344869751450282	0.96657624451305	1.31144599596333	1.21070138884056	1.37868722651975	1.31751239225134	0.144033023687333	15.4444444444444
P00533	EGFR	0.212459876587419	0.96657624451305	1.17903612110047	1.17139165483063	1.31947998263291	1.31945557315081	0.0274705552027266	34.4444444444444
Q16620	TRKB	0.266149455118926	0.96657624451305	1.23272569963198	1.17139165483063	1.29759611534904	1.28993838785993	0.119559760280121	15.5555555555556
P54762	EphB1	0.193472529332637	0.96657624451305	1.16004877384569	1.16004877384569	1.12857789815069	1.12857789815069	0	3
P29322	EphA8	0.187187402491784	0.96657624451305	1.15376364700483	1.15376364700483	1.15620916310092	1.15620916310092	0	3
P29320	EphA3	0.158037224817342	0.96657624451305	1.12461346933039	1.12461346933039	1.08454227597322	1.08454227597322	0	3
P09769	Fgr	0.199445194805262	0.901484665525983	1.10092986033124	1.11531789579398	1.15757674750471	1.21990422500774	0.239163315867327	6.66666666666667
P42679	CTK	0.13631062380167	0.96657624451305	1.10288686831472	1.08348288593736	1.25010568095144	1.25180600897687	0.051948579646623	25.5555555555556
P07333	FmS/CSFR	0.113777961984308	0.96657624451305	1.08035420649736	1.07448164182257	1.08491020873114	1.07900326304516	0.142293280603955	8.22222222222222
P35916	FLT4	0.11875750604041	0.96657624451305	1.08533375055346	1.051704426973	1.13173318797679	1.14345052162646	0.157671513961484	11.5555555555556
P41240	CSK	0.057084081141184	0.96657624451305	1.02366032565423	1.01523872571713	1.18660452603541	1.21027311942	0.0858462178877399	32.8888888888889
P36888	FLT3	0.0623473074752997	0.858576284424476	0.920923591899775	1.00945227958153	0.861969871687824	0.888284921918006	0.33599800834842	8.5
O60674	JAK2	0.0456199445485782	0.96657624451305	1.01219618906163	1.0046807708452	1.05161914914218	1.04003916464371	0.0691551543008544	15.4444444444444
P17948	FLT1	0.036746873091146	0.96657624451305	1.0033231176042	0.972699329571839	0.946755402617079	0.883731994663954	0.210669776370164	14.2222222222222
Q08345	DDR1	0.12614945581326	0.681936665037238	0.808086120850499	0.804565319167464	0.990231883618952	0.990231883618952	0	3
P23458	JAK1~b	0.0201560719733419	0.519993057042849	0.540149129016191	0.540444682338754	0.666925630006271	0.666925630006271	0	4
