BioNavigator Version	6.3.67.0	PamGrid Version	QuantitationType	Median_SigmBg	Protocol file name	Hepatic PPARaKO Aortas_Ugt1a1 RNAi Livers_STK Image Analysis_7-24-22Date	Sun, 24 Jul 2022 14:58:43 GMT
	Barcode	710374109	710374109	710374109	710374109	710374109	710374109	710374109	710374109	710374109	710374109	710374109	710374109	710374109	710374109	710374109	710374109	710374109	710374109	710374109	710374109	710374121	710374121	710374121	710374121	710374121	710374121	710374121	710374121	710374121	710374121	710374121	710374121	710374121	710374121	710374121	710374121	710374121	710374121	710374121	710374121	710374123	710374123	710374123	710374123	710374123	710374123	710374123	710374123	710374123	710374123	710374123	710374123	710374123	710374123	710374123	710374123	710374123	710374123	710374123	710374123
	Exposure time	5.0	10.0	25.0	50.0	100.0	5.0	10.0	25.0	50.0	100.0	5.0	10.0	25.0	50.0	100.0	5.0	10.0	25.0	50.0	100.0	5.0	10.0	25.0	50.0	100.0	5.0	10.0	25.0	50.0	100.0	5.0	10.0	25.0	50.0	100.0	5.0	10.0	25.0	50.0	100.0	5.0	10.0	25.0	50.0	100.0	5.0	10.0	25.0	50.0	100.0	5.0	10.0	25.0	50.0	100.0	5.0	10.0	25.0	50.0	100.0
	Cycle	124	124	124	124	124	124	124	124	124	124	124	124	124	124	124	124	124	124	124	124	124	124	124	124	124	124	124	124	124	124	124	124	124	124	124	124	124	124	124	124	124	124	124	124	124	124	124	124	124	124	124	124	124	124	124	124	124	124	124	124
	Array	A1	A1	A1	A1	A1	A2	A2	A2	A2	A2	A3	A3	A3	A3	A3	A4	A4	A4	A4	A4	A1	A1	A1	A1	A1	A2	A2	A2	A2	A2	A3	A3	A3	A3	A3	A4	A4	A4	A4	A4	A1	A1	A1	A1	A1	A2	A2	A2	A2	A2	A3	A3	A3	A3	A3	A4	A4	A4	A4	A4
	Sample name	Flox PPARa	Flox PPARa	Flox PPARa	Flox PPARa	Flox PPARa	Hep PPARaKO	Hep PPARaKO	Hep PPARaKO	Hep PPARaKO	Hep PPARaKO	RNAi VEH	RNAi VEH	RNAi VEH	RNAi VEH	RNAi VEH	Ugt1a1 RNAi	Ugt1a1 RNAi	Ugt1a1 RNAi	Ugt1a1 RNAi	Ugt1a1 RNAi	Flox PPARa	Flox PPARa	Flox PPARa	Flox PPARa	Flox PPARa	Hep PPARaKO	Hep PPARaKO	Hep PPARaKO	Hep PPARaKO	Hep PPARaKO	RNAi VEH	RNAi VEH	RNAi VEH	RNAi VEH	RNAi VEH	Ugt1a1 RNAi	Ugt1a1 RNAi	Ugt1a1 RNAi	Ugt1a1 RNAi	Ugt1a1 RNAi	Flox PPARa	Flox PPARa	Flox PPARa	Flox PPARa	Flox PPARa	Hep PPARaKO	Hep PPARaKO	Hep PPARaKO	Hep PPARaKO	Hep PPARaKO	RNAi VEH	RNAi VEH	RNAi VEH	RNAi VEH	RNAi VEH	Ugt1a1 RNAi	Ugt1a1 RNAi	Ugt1a1 RNAi	Ugt1a1 RNAi	Ugt1a1 RNAi
ID
#REF		96.0	197.0	492.0	994.0	2008.0	102.0	206.0	525.0	1063.0	2092.0	113.0	229.0	575.0	1137.0	2314.0	104.0	216.0	560.0	1107.0	2204.0	101.0	201.0	505.0	1033.0	2067.0	103.0	206.0	532.0	1052.0	2125.0	97.0	201.0	520.0	1028.0	2086.0	100.0	203.0	510.0	1025.0	2044.0	101.0	197.0	505.0	998.0	2041.0	100.0	204.0	501.0	1046.0	2093.0	104.0	212.0	532.0	1057.0	2126.0	103.0	212.0	532.0	1081.0	2124.0
#REF		95.0	189.0	468.0	944.0	1901.0	97.0	195.0	493.0	997.0	2004.0	101.0	207.0	525.0	1053.0	2098.0	99.0	207.0	520.0	1046.0	2082.0	96.0	197.0	498.0	998.0	2017.0	101.0	199.0	509.0	1012.0	2077.0	97.0	200.0	498.0	980.0	2014.0	102.0	202.0	507.0	1024.0	2052.0	98.0	200.0	494.0	991.0	1984.0	102.0	203.0	511.0	1016.0	2066.0	100.0	204.0	514.0	1036.0	2080.0	99.0	198.0	509.0	1019.0	2031.0
#REF		95.0	188.0	473.0	956.0	1902.0	94.0	190.0	470.0	943.0	1889.0	99.0	204.0	519.0	1065.0	2110.0	99.0	195.0	498.0	1005.0	2012.0	95.0	194.0	487.0	984.0	1961.0	96.0	188.0	484.0	975.0	1943.0	92.0	193.0	476.0	987.0	1953.0	97.0	195.0	503.0	999.0	2024.0	95.0	194.0	469.0	950.0	1893.0	94.0	193.0	485.0	978.0	1949.0	94.0	190.0	486.0	990.0	1977.0	92.0	191.0	485.0	988.0	1964.0
#REF		90.0	176.0	447.0	905.0	1827.0	90.0	185.0	477.0	934.0	1899.0	100.0	202.0	511.0	1054.0	2091.0	93.0	185.0	477.0	967.0	1924.0	88.0	180.0	460.0	926.0	1848.0	94.0	184.0	470.0	960.0	1923.0	90.0	179.0	464.0	961.0	1900.0	92.0	188.0	472.0	943.0	1891.0	90.0	186.0	448.0	904.0	1815.0	95.0	189.0	469.0	971.0	1922.0	91.0	188.0	469.0	957.0	1931.0	95.0	193.0	486.0	969.0	1963.0
#REF		72.0	143.0	365.0	726.0	1459.0	73.0	149.0	370.0	740.0	1482.0	81.0	158.0	410.0	819.0	1641.0	78.0	156.0	405.0	806.0	1631.0	85.0	165.0	412.0	840.0	1687.0	78.0	157.0	399.0	807.0	1577.0	77.0	158.0	403.0	817.0	1632.0	79.0	156.0	395.0	794.0	1582.0	79.0	158.0	398.0	811.0	1645.0	77.0	150.0	384.0	771.0	1545.0	76.0	151.0	387.0	780.0	1574.0	78.0	147.0	378.0	778.0	1576.0
#REF		73.0	141.0	374.0	737.0	1486.0	72.0	144.0	352.0	728.0	1432.0	76.0	149.0	379.0	791.0	1543.0	72.0	152.0	377.0	770.0	1523.0	78.0	165.0	409.0	833.0	1649.0	77.0	156.0	399.0	799.0	1606.0	79.0	163.0	401.0	811.0	1578.0	75.0	153.0	385.0	769.0	1554.0	78.0	150.0	378.0	761.0	1558.0	76.0	153.0	383.0	770.0	1532.0	76.0	154.0	385.0	779.0	1537.0	72.0	146.0	369.0	747.0	1496.0
#REF		78.0	152.0	389.0	765.0	1557.0	79.0	162.0	408.0	820.0	1626.0	88.0	175.0	445.0	892.0	1809.0	80.0	165.0	415.0	824.0	1653.0	89.0	176.0	445.0	887.0	1793.0	85.0	172.0	438.0	883.0	1766.0	91.0	183.0	458.0	921.0	1816.0	87.0	180.0	436.0	877.0	1762.0	85.0	172.0	440.0	887.0	1746.0	88.0	164.0	429.0	862.0	1723.0	88.0	175.0	439.0	880.0	1784.0	83.0	162.0	414.0	828.0	1682.0
#REF		83.0	163.0	415.0	831.0	1672.0	84.0	166.0	435.0	861.0	1750.0	91.0	186.0	468.0	931.0	1875.0	90.0	178.0	444.0	898.0	1789.0	92.0	188.0	472.0	942.0	1884.0	89.0	186.0	471.0	943.0	1839.0	87.0	182.0	454.0	928.0	1814.0	86.0	177.0	455.0	908.0	1866.0	86.0	174.0	475.0	913.0	1821.0	88.0	177.0	460.0	920.0	1806.0	91.0	183.0	459.0	907.0	1845.0	84.0	171.0	435.0	873.0	1791.0
pTY3H_64_78		422.0	833.0	2095.0	3774.0	3465.0	448.0	901.0	2258.0	3759.0	3404.0	431.0	860.0	2148.0	3770.0	3448.0	412.0	833.0	2053.0	3757.0	3434.0	384.0	758.0	1947.0	3776.0	3450.0	365.0	732.0	1809.0	3661.0	3495.0	393.0	787.0	1981.0	3785.0	3465.0	383.0	758.0	1910.0	3746.0	3341.0	364.0	715.0	1832.0	3647.0	3515.0	350.0	688.0	1725.0	3436.0	3543.0	336.0	668.0	1686.0	3353.0	3535.0	312.0	633.0	1581.0	3169.0	3612.0
ATF2_47_59		-2.0	-2.0	-10.0	-17.0	-36.0	-1.0	-5.0	-6.0	-17.0	-31.0	-2.0	0.0	-7.0	-10.0	-23.0	0.0	-3.0	-3.0	-7.0	-14.0	-1.0	-2.0	-9.0	-17.0	-26.0	0.0	-4.0	-9.0	-11.0	-28.0	-2.0	-3.0	-2.0	-8.0	-16.0	-1.0	-1.0	-4.0	-7.0	-13.0	-2.0	-5.0	-3.0	-13.0	-21.0	-2.0	0.0	-3.0	-9.0	-26.0	-2.0	-1.0	-4.0	-5.0	-11.0	-1.0	-1.0	-6.0	-10.0	-6.0
CDN1A_139_151		266.0	555.0	1368.0	2731.0	3616.0	250.0	506.0	1269.0	2549.0	3642.0	103.0	202.0	526.0	1041.0	2063.0	91.0	195.0	480.0	984.0	1979.0	260.0	527.0	1334.0	2631.0	3609.0	219.0	423.0	1078.0	2143.0	3669.0	90.0	181.0	464.0	935.0	1844.0	83.0	163.0	411.0	827.0	1643.0	233.0	485.0	1192.0	2377.0	3656.0	191.0	387.0	950.0	1912.0	3715.0	86.0	177.0	428.0	877.0	1734.0	86.0	172.0	443.0	905.0	1803.0
FIBA_569_581		0.0	1.0	1.0	4.0	6.0	-1.0	-1.0	1.0	0.0	0.0	-1.0	2.0	1.0	0.0	5.0	0.0	1.0	2.0	2.0	7.0	2.0	1.0	4.0	2.0	10.0	0.0	1.0	-1.0	3.0	12.0	1.0	0.0	0.0	3.0	5.0	-1.0	0.0	2.0	6.0	10.0	1.0	-1.0	3.0	2.0	9.0	-1.0	2.0	1.0	3.0	-2.0	-1.0	0.0	0.0	1.0	7.0	0.0	2.0	1.0	3.0	6.0
IKKB_173_185_C179A		0.0	3.0	-3.0	0.0	2.0	0.0	-1.0	0.0	-1.0	3.0	-1.0	2.0	-2.0	0.0	-2.0	-1.0	-1.0	4.0	0.0	1.0	1.0	0.0	2.0	-2.0	2.0	1.0	0.0	0.0	-2.0	-1.0	-2.0	-1.0	0.0	-1.0	-3.0	-1.0	1.0	-1.0	0.0	-2.0	1.0	-2.0	1.0	0.0	0.0	-1.0	1.0	1.0	3.0	-3.0	0.0	0.0	0.0	-3.0	-1.0	-2.0	0.0	-2.0	-2.0	-1.0
LIPS_944_956		35.0	67.0	165.0	347.0	675.0	25.0	50.0	124.0	253.0	510.0	3.0	7.0	15.0	35.0	69.0	1.0	5.0	19.0	36.0	71.0	46.0	86.0	215.0	443.0	928.0	28.0	60.0	150.0	311.0	606.0	3.0	5.0	15.0	32.0	64.0	1.0	4.0	11.0	27.0	52.0	34.0	63.0	173.0	344.0	685.0	24.0	46.0	120.0	233.0	478.0	3.0	6.0	16.0	33.0	64.0	2.0	7.0	16.0	34.0	71.0
MYBB_513_525		0.0	1.0	-2.0	-1.0	-3.0	0.0	-1.0	-1.0	0.0	-1.0	-1.0	0.0	-3.0	-1.0	-2.0	0.0	-1.0	1.0	0.0	-1.0	1.0	0.0	1.0	-4.0	1.0	1.0	-3.0	-2.0	-1.0	-3.0	1.0	-2.0	0.0	-2.0	-3.0	0.0	-1.0	0.0	-2.0	1.0	1.0	-3.0	-1.0	-1.0	-6.0	0.0	0.0	-2.0	0.0	-4.0	1.0	0.0	-1.0	-2.0	-8.0	-1.0	1.0	0.0	-1.0	-3.0
PLEK_106_118		75.0	154.0	381.0	781.0	1522.0	77.0	155.0	392.0	793.0	1569.0	22.0	45.0	111.0	220.0	454.0	21.0	43.0	110.0	229.0	459.0	76.0	148.0	382.0	758.0	1512.0	76.0	156.0	391.0	780.0	1598.0	22.0	45.0	118.0	241.0	476.0	25.0	50.0	131.0	263.0	527.0	60.0	118.0	308.0	624.0	1246.0	64.0	128.0	328.0	643.0	1267.0	21.0	39.0	96.0	198.0	389.0	22.0	47.0	123.0	244.0	497.0
RBL2_632_644		1.0	1.0	-1.0	-1.0	0.0	0.0	0.0	0.0	1.0	0.0	1.0	1.0	1.0	-2.0	0.0	0.0	0.0	1.0	2.0	-1.0	0.0	1.0	0.0	-4.0	1.0	2.0	0.0	-2.0	-2.0	2.0	1.0	-2.0	0.0	-1.0	-3.0	0.0	1.0	1.0	-2.0	0.0	0.0	-1.0	-1.0	-3.0	-1.0	0.0	-1.0	3.0	-1.0	-3.0	0.0	0.0	1.0	-1.0	2.0	-2.0	-1.0	-2.0	0.0	-1.0
VIGLN_289_301		-1.0	-1.0	2.0	-2.0	0.0	0.0	-1.0	-2.0	-5.0	-3.0	0.0	0.0	2.0	-1.0	-2.0	0.0	1.0	3.0	-1.0	1.0	-1.0	1.0	-3.0	3.0	-8.0	1.0	-3.0	-1.0	-4.0	-11.0	0.0	-2.0	-3.0	-4.0	-5.0	-1.0	-1.0	-1.0	0.0	0.0	-1.0	0.0	-3.0	-4.0	3.0	-1.0	1.0	-2.0	1.0	-3.0	1.0	-1.0	-1.0	-1.0	-4.0	0.0	1.0	-1.0	1.0	-2.0
GRIK2_708_720		452.0	900.0	2243.0	3740.0	3336.0	421.0	843.0	2110.0	3750.0	3402.0	55.0	106.0	285.0	577.0	1144.0	52.0	105.0	270.0	541.0	1096.0	436.0	876.0	2188.0	3735.0	3420.0	382.0	774.0	1912.0	3793.0	3446.0	57.0	117.0	288.0	579.0	1165.0	47.0	100.0	249.0	493.0	998.0	410.0	807.0	2042.0	3780.0	3447.0	335.0	671.0	1713.0	3425.0	3551.0	50.0	98.0	253.0	500.0	1017.0	42.0	90.0	228.0	458.0	911.0
RADI_559_569		-3.0	-2.0	-16.0	-38.0	-96.0	-1.0	-8.0	-15.0	-44.0	-81.0	-1.0	0.0	0.0	-3.0	-6.0	0.0	-1.0	-2.0	-2.0	-4.0	-4.0	-6.0	-18.0	-43.0	-93.0	0.0	-7.0	-15.0	-26.0	-54.0	1.0	-1.0	0.0	-2.0	-2.0	1.0	2.0	-1.0	-1.0	-1.0	-3.0	-5.0	-10.0	-33.0	-63.0	-3.0	-4.0	-16.0	-31.0	-64.0	0.0	1.0	0.0	-1.0	-4.0	-1.0	0.0	1.0	0.0	1.0
ACM1_421_433		1.0	-1.0	5.0	5.0	29.0	1.0	2.0	1.0	11.0	30.0	2.0	2.0	2.0	12.0	22.0	1.0	1.0	6.0	15.0	25.0	-1.0	1.0	4.0	7.0	25.0	-1.0	0.0	1.0	12.0	18.0	1.0	3.0	3.0	13.0	32.0	1.0	0.0	6.0	18.0	36.0	0.0	0.0	3.0	8.0	17.0	-1.0	1.0	2.0	9.0	19.0	-1.0	0.0	5.0	10.0	27.0	-1.0	0.0	4.0	17.0	15.0
ATM_1972_1984		0.0	1.0	-2.0	-6.0	-7.0	0.0	-2.0	-1.0	-2.0	-2.0	0.0	-1.0	-1.0	-4.0	2.0	-1.0	1.0	-1.0	-2.0	-1.0	0.0	-2.0	1.0	-1.0	-3.0	1.0	1.0	-1.0	-2.0	2.0	1.0	1.0	-1.0	1.0	0.0	0.0	-2.0	0.0	-4.0	0.0	-1.0	1.0	-1.0	-1.0	-5.0	1.0	-1.0	-1.0	2.0	-6.0	0.0	0.0	-2.0	-2.0	-6.0	-1.0	-2.0	-1.0	-4.0	-4.0
CDN1B_151_163		-2.0	1.0	-2.0	-1.0	-7.0	1.0	-1.0	-1.0	-1.0	-1.0	1.0	-1.0	-3.0	2.0	2.0	0.0	1.0	0.0	-1.0	2.0	-1.0	-2.0	1.0	-2.0	-3.0	0.0	-1.0	-2.0	-5.0	-3.0	0.0	-1.0	0.0	-2.0	-4.0	0.0	1.0	0.0	-5.0	-1.0	0.0	0.0	-1.0	-5.0	-5.0	-2.0	-2.0	-1.0	0.0	-3.0	0.0	-1.0	1.0	0.0	-4.0	2.0	-1.0	-1.0	-4.0	2.0
FOXO3_25_37		3.0	9.0	15.0	33.0	72.0	2.0	6.0	15.0	33.0	67.0	4.0	9.0	25.0	52.0	91.0	4.0	11.0	24.0	47.0	104.0	2.0	8.0	18.0	36.0	78.0	2.0	5.0	12.0	33.0	64.0	4.0	10.0	24.0	50.0	102.0	3.0	11.0	21.0	45.0	90.0	0.0	7.0	14.0	25.0	60.0	3.0	5.0	13.0	26.0	49.0	5.0	7.0	21.0	42.0	84.0	3.0	6.0	20.0	35.0	77.0
IKKB_686_698		0.0	0.0	0.0	-2.0	-4.0	0.0	-2.0	-1.0	1.0	0.0	-1.0	1.0	-1.0	0.0	0.0	-1.0	1.0	-1.0	0.0	-2.0	0.0	-1.0	1.0	-1.0	-1.0	0.0	1.0	0.0	0.0	2.0	0.0	1.0	1.0	-2.0	-5.0	1.0	1.0	0.0	-1.0	-1.0	0.0	-2.0	0.0	1.0	-3.0	0.0	2.0	-1.0	-1.0	-2.0	0.0	-1.0	-2.0	-2.0	-4.0	-1.0	-1.0	0.0	-4.0	1.0
LMNA_192_204		0.0	0.0	1.0	1.0	-1.0	0.0	-1.0	-1.0	1.0	4.0	0.0	0.0	0.0	6.0	5.0	-1.0	1.0	1.0	1.0	2.0	-1.0	0.0	2.0	2.0	1.0	1.0	-1.0	0.0	2.0	2.0	0.0	0.0	0.0	0.0	1.0	-1.0	1.0	0.0	0.0	4.0	0.0	1.0	-1.0	-3.0	3.0	1.0	1.0	1.0	1.0	-2.0	-2.0	0.0	-3.0	1.0	-2.0	0.0	0.0	2.0	0.0	1.0
MYC_51_63		0.0	2.0	0.0	-2.0	0.0	-1.0	0.0	-2.0	1.0	7.0	1.0	0.0	1.0	4.0	6.0	-1.0	2.0	3.0	3.0	4.0	1.0	0.0	2.0	3.0	5.0	1.0	-1.0	-1.0	1.0	1.0	1.0	-1.0	1.0	1.0	0.0	1.0	1.0	-1.0	1.0	2.0	-1.0	1.0	0.0	0.0	2.0	-1.0	1.0	2.0	3.0	5.0	-1.0	0.0	0.0	0.0	-1.0	0.0	1.0	-2.0	-1.0	2.0
PP2AB_297_309		1.0	2.0	2.0	1.0	4.0	2.0	-1.0	1.0	1.0	4.0	1.0	0.0	1.0	3.0	8.0	0.0	3.0	1.0	4.0	5.0	0.0	1.0	4.0	5.0	7.0	1.0	0.0	1.0	3.0	9.0	0.0	2.0	3.0	6.0	10.0	0.0	2.0	2.0	3.0	8.0	1.0	0.0	1.0	1.0	3.0	0.0	1.0	3.0	3.0	8.0	0.0	1.0	2.0	4.0	9.0	0.0	1.0	2.0	1.0	7.0
RBL2_655_667		2.0	5.0	11.0	23.0	45.0	2.0	3.0	6.0	20.0	42.0	1.0	5.0	12.0	23.0	46.0	-1.0	5.0	13.0	23.0	43.0	1.0	5.0	13.0	26.0	51.0	4.0	2.0	10.0	19.0	42.0	3.0	6.0	12.0	27.0	52.0	1.0	7.0	14.0	26.0	50.0	2.0	4.0	11.0	25.0	50.0	0.0	3.0	9.0	16.0	34.0	2.0	1.0	10.0	17.0	36.0	2.0	2.0	9.0	18.0	33.0
YAP1_121_133		0.0	0.0	-5.0	-9.0	-16.0	-1.0	-2.0	-5.0	-4.0	-5.0	1.0	1.0	-2.0	3.0	4.0	0.0	0.0	0.0	-1.0	-3.0	0.0	-1.0	-1.0	-5.0	-11.0	0.0	-3.0	-1.0	-3.0	-7.0	-1.0	-1.0	0.0	-1.0	-2.0	0.0	1.0	0.0	-1.0	4.0	0.0	-2.0	-2.0	-6.0	-5.0	-2.0	-1.0	-4.0	-4.0	-3.0	0.0	-1.0	0.0	-2.0	-7.0	-1.0	-3.0	-1.0	-4.0	-1.0
KAP2_92_104		73.0	148.0	364.0	748.0	1478.0	57.0	113.0	285.0	572.0	1162.0	8.0	16.0	40.0	81.0	152.0	6.0	12.0	30.0	65.0	129.0	62.0	126.0	312.0	647.0	1300.0	53.0	100.0	250.0	508.0	1043.0	8.0	18.0	45.0	91.0	184.0	8.0	19.0	48.0	96.0	196.0	56.0	120.0	299.0	595.0	1206.0	42.0	86.0	222.0	440.0	893.0	5.0	13.0	33.0	66.0	135.0	7.0	18.0	41.0	84.0	168.0
RS6_228_240		217.0	435.0	1087.0	2214.0	3610.0	206.0	411.0	1036.0	2068.0	3635.0	20.0	49.0	115.0	235.0	470.0	21.0	47.0	112.0	235.0	471.0	230.0	463.0	1153.0	2319.0	3561.0	192.0	386.0	987.0	1980.0	3627.0	21.0	45.0	107.0	219.0	446.0	21.0	38.0	99.0	203.0	400.0	193.0	388.0	976.0	1939.0	3656.0	174.0	353.0	879.0	1767.0	3546.0	16.0	38.0	84.0	176.0	368.0	14.0	27.0	74.0	146.0	297.0
ACM1_444_456		2.0	0.0	3.0	8.0	18.0	-1.0	3.0	3.0	9.0	17.0	1.0	0.0	2.0	9.0	13.0	1.0	1.0	3.0	4.0	14.0	2.0	3.0	5.0	10.0	17.0	1.0	1.0	4.0	6.0	15.0	1.0	1.0	3.0	11.0	15.0	-1.0	1.0	5.0	6.0	18.0	-1.0	1.0	7.0	6.0	16.0	0.0	1.0	3.0	6.0	13.0	1.0	2.0	5.0	5.0	9.0	0.0	1.0	4.0	7.0	11.0
BAD_112_124		8.0	18.0	46.0	83.0	171.0	4.0	14.0	31.0	61.0	129.0	3.0	7.0	15.0	33.0	65.0	1.0	5.0	13.0	24.0	51.0	8.0	13.0	37.0	74.0	143.0	6.0	11.0	23.0	48.0	113.0	1.0	7.0	16.0	33.0	61.0	2.0	5.0	12.0	25.0	54.0	5.0	15.0	37.0	68.0	142.0	6.0	12.0	29.0	55.0	105.0	3.0	8.0	18.0	35.0	69.0	1.0	7.0	19.0	36.0	74.0
CENPA_1_14		36.0	61.0	174.0	352.0	674.0	34.0	70.0	187.0	358.0	752.0	4.0	8.0	19.0	40.0	79.0	4.0	7.0	15.0	29.0	63.0	35.0	69.0	173.0	350.0	721.0	35.0	66.0	172.0	348.0	701.0	5.0	6.0	22.0	36.0	74.0	3.0	8.0	18.0	40.0	79.0	30.0	57.0	137.0	278.0	567.0	27.0	57.0	139.0	285.0	553.0	2.0	7.0	16.0	32.0	70.0	1.0	6.0	18.0	36.0	71.0
FRAP_2443_2455		3.0	5.0	7.0	15.0	29.0	-1.0	4.0	9.0	13.0	27.0	1.0	0.0	2.0	6.0	12.0	0.0	0.0	2.0	3.0	6.0	1.0	3.0	7.0	15.0	37.0	1.0	1.0	7.0	15.0	30.0	0.0	0.0	3.0	4.0	6.0	0.0	-1.0	-1.0	5.0	10.0	1.0	4.0	7.0	12.0	32.0	2.0	3.0	3.0	11.0	20.0	-1.0	2.0	1.0	1.0	5.0	2.0	2.0	1.0	3.0	7.0
K6PL_766_778		2.0	1.0	1.0	1.0	6.0	0.0	4.0	4.0	2.0	7.0	0.0	1.0	2.0	4.0	3.0	1.0	3.0	0.0	0.0	2.0	1.0	0.0	3.0	2.0	5.0	0.0	1.0	2.0	3.0	7.0	-1.0	0.0	1.0	2.0	1.0	-1.0	2.0	2.0	3.0	2.0	0.0	0.0	1.0	3.0	5.0	-1.0	1.0	0.0	0.0	9.0	0.0	0.0	1.0	0.0	1.0	-1.0	2.0	1.0	0.0	2.0
LMNB1_16_28		1.0	0.0	3.0	-1.0	4.0	0.0	1.0	2.0	2.0	6.0	0.0	0.0	0.0	-1.0	2.0	0.0	-1.0	-1.0	3.0	3.0	-1.0	0.0	-1.0	3.0	3.0	0.0	1.0	2.0	1.0	6.0	1.0	0.0	1.0	2.0	0.0	0.0	1.0	-1.0	2.0	0.0	-2.0	2.0	2.0	-1.0	-1.0	0.0	1.0	0.0	0.0	-1.0	0.0	1.0	1.0	-1.0	-4.0	-1.0	0.0	1.0	-2.0	0.0
NEK2_172_184		1.0	0.0	3.0	2.0	8.0	0.0	2.0	4.0	5.0	9.0	0.0	1.0	2.0	7.0	13.0	0.0	1.0	4.0	6.0	13.0	1.0	1.0	1.0	7.0	8.0	-1.0	1.0	1.0	5.0	8.0	0.0	2.0	3.0	8.0	5.0	-1.0	1.0	2.0	4.0	9.0	0.0	3.0	4.0	6.0	9.0	1.0	2.0	1.0	3.0	10.0	-1.0	2.0	1.0	3.0	7.0	-1.0	3.0	4.0	4.0	9.0
PPR1A_28_40		15.0	31.0	79.0	158.0	311.0	15.0	35.0	86.0	169.0	340.0	8.0	14.0	41.0	79.0	155.0	7.0	15.0	38.0	73.0	150.0	17.0	34.0	88.0	184.0	366.0	15.0	32.0	81.0	169.0	343.0	6.0	17.0	38.0	75.0	146.0	4.0	13.0	36.0	70.0	139.0	12.0	30.0	72.0	142.0	292.0	11.0	26.0	63.0	121.0	252.0	5.0	11.0	29.0	56.0	115.0	5.0	9.0	21.0	43.0	86.0
RBL2_959_971		1.0	0.0	-2.0	-6.0	-10.0	-2.0	-1.0	-3.0	-2.0	-8.0	0.0	0.0	-1.0	-2.0	-5.0	-1.0	0.0	-1.0	-1.0	-1.0	0.0	-1.0	0.0	-2.0	-5.0	-1.0	-2.0	-1.0	-3.0	-1.0	-1.0	-1.0	-2.0	0.0	-4.0	-1.0	2.0	-1.0	0.0	2.0	-1.0	0.0	-1.0	-5.0	-3.0	-2.0	1.0	0.0	-5.0	-2.0	1.0	0.0	-3.0	-3.0	-2.0	-1.0	0.0	-1.0	-4.0	-3.0
ADRB2_338_350		65.0	125.0	318.0	640.0	1280.0	49.0	100.0	259.0	507.0	1026.0	6.0	11.0	29.0	57.0	107.0	4.0	10.0	23.0	50.0	94.0	57.0	114.0	292.0	588.0	1177.0	42.0	88.0	221.0	444.0	892.0	4.0	11.0	28.0	52.0	109.0	5.0	11.0	31.0	64.0	124.0	48.0	104.0	251.0	501.0	1035.0	40.0	76.0	194.0	391.0	786.0	2.0	10.0	23.0	46.0	89.0	4.0	12.0	27.0	53.0	107.0
KCC2G_278_289		0.0	2.0	6.0	8.0	21.0	-1.0	3.0	4.0	13.0	25.0	2.0	4.0	9.0	20.0	38.0	0.0	4.0	9.0	19.0	37.0	1.0	3.0	4.0	8.0	20.0	0.0	2.0	4.0	8.0	22.0	1.0	4.0	10.0	19.0	42.0	0.0	1.0	8.0	19.0	31.0	1.0	3.0	7.0	8.0	26.0	0.0	3.0	5.0	16.0	32.0	2.0	6.0	8.0	23.0	41.0	2.0	5.0	13.0	24.0	49.0
RYR1_4317_4329		201.0	404.0	1019.0	2099.0	3631.0	221.0	447.0	1108.0	2204.0	3655.0	21.0	41.0	106.0	213.0	432.0	17.0	32.0	91.0	179.0	376.0	204.0	419.0	1057.0	2131.0	3618.0	201.0	403.0	1047.0	2096.0	3659.0	18.0	36.0	90.0	179.0	368.0	14.0	32.0	82.0	166.0	329.0	191.0	391.0	970.0	1967.0	3682.0	183.0	376.0	936.0	1893.0	3708.0	15.0	31.0	79.0	156.0	307.0	11.0	25.0	60.0	123.0	259.0
ACM4_456_468		0.0	2.0	3.0	9.0	16.0	1.0	2.0	5.0	8.0	17.0	0.0	2.0	7.0	11.0	21.0	1.0	1.0	6.0	6.0	22.0	1.0	0.0	2.0	7.0	14.0	1.0	1.0	5.0	10.0	15.0	0.0	1.0	5.0	8.0	20.0	1.0	2.0	5.0	9.0	22.0	0.0	1.0	2.0	5.0	15.0	0.0	2.0	3.0	9.0	18.0	1.0	2.0	4.0	8.0	22.0	0.0	1.0	5.0	8.0	15.0
BAD_69_81		0.0	1.0	4.0	8.0	16.0	1.0	1.0	4.0	6.0	13.0	2.0	1.0	3.0	5.0	9.0	0.0	1.0	4.0	6.0	9.0	1.0	3.0	5.0	14.0	21.0	1.0	1.0	1.0	6.0	7.0	0.0	1.0	2.0	3.0	7.0	1.0	3.0	1.0	3.0	11.0	0.0	1.0	2.0	3.0	14.0	0.0	2.0	3.0	7.0	9.0	0.0	-1.0	2.0	2.0	7.0	0.0	1.0	-1.0	5.0	7.0
COF1_17_29		-1.0	-1.0	-1.0	-1.0	4.0	0.0	-1.0	1.0	3.0	2.0	-1.0	0.0	2.0	0.0	1.0	1.0	1.0	2.0	0.0	4.0	0.0	-1.0	0.0	0.0	6.0	0.0	1.0	0.0	2.0	0.0	0.0	0.0	0.0	-1.0	0.0	2.0	1.0	0.0	1.0	1.0	-1.0	0.0	2.0	1.0	0.0	0.0	2.0	0.0	1.0	3.0	-1.0	-1.0	-1.0	0.0	-2.0	0.0	-2.0	-1.0	-2.0	-1.0
FRAP_2475_2487		0.0	0.0	0.0	0.0	-2.0	1.0	1.0	1.0	0.0	-2.0	0.0	1.0	2.0	-1.0	5.0	0.0	-1.0	2.0	2.0	5.0	0.0	2.0	-1.0	0.0	4.0	0.0	0.0	1.0	1.0	1.0	-1.0	0.0	1.0	0.0	0.0	0.0	-1.0	1.0	1.0	2.0	-1.0	-1.0	1.0	0.0	-3.0	1.0	1.0	2.0	1.0	2.0	-1.0	0.0	-3.0	0.0	2.0	1.0	0.0	-1.0	1.0	1.0
KAPCG_192_206		1.0	1.0	5.0	6.0	19.0	0.0	2.0	5.0	9.0	13.0	1.0	3.0	5.0	7.0	18.0	1.0	1.0	5.0	8.0	18.0	0.0	3.0	5.0	11.0	21.0	0.0	2.0	3.0	8.0	15.0	1.0	2.0	4.0	10.0	20.0	1.0	3.0	1.0	8.0	16.0	1.0	2.0	5.0	7.0	16.0	1.0	3.0	3.0	7.0	14.0	1.0	2.0	3.0	8.0	18.0	1.0	0.0	5.0	10.0	16.0
MARCS_152_164		-1.0	2.0	2.0	8.0	24.0	1.0	2.0	5.0	8.0	22.0	0.0	4.0	9.0	13.0	25.0	1.0	1.0	8.0	12.0	23.0	0.0	2.0	5.0	11.0	20.0	1.0	1.0	4.0	6.0	16.0	0.0	2.0	4.0	12.0	24.0	1.0	4.0	5.0	9.0	20.0	1.0	-1.0	6.0	10.0	21.0	-1.0	1.0	4.0	9.0	18.0	2.0	2.0	4.0	11.0	22.0	0.0	2.0	7.0	11.0	22.0
NEK3_158_170		0.0	0.0	2.0	-2.0	-2.0	-1.0	-3.0	-6.0	-4.0	-22.0	0.0	2.0	5.0	8.0	20.0	0.0	1.0	3.0	4.0	13.0	0.0	1.0	-3.0	-5.0	-6.0	-1.0	0.0	-2.0	3.0	-7.0	0.0	1.0	3.0	6.0	18.0	1.0	2.0	1.0	5.0	9.0	-1.0	-2.0	-3.0	-4.0	2.0	-1.0	-1.0	0.0	-4.0	3.0	0.0	1.0	3.0	11.0	18.0	1.0	-1.0	3.0	8.0	10.0
PRKDC_2618_2630		0.0	0.0	3.0	2.0	1.0	0.0	-1.0	1.0	5.0	3.0	1.0	1.0	4.0	7.0	14.0	0.0	1.0	4.0	6.0	14.0	-2.0	-1.0	-4.0	1.0	11.0	0.0	1.0	1.0	3.0	5.0	0.0	1.0	5.0	5.0	16.0	1.0	3.0	3.0	7.0	17.0	-2.0	-1.0	1.0	3.0	2.0	1.0	2.0	3.0	1.0	2.0	1.0	0.0	3.0	9.0	15.0	1.0	1.0	4.0	6.0	18.0
REL_260_272		17.0	35.0	91.0	184.0	378.0	12.0	24.0	63.0	130.0	272.0	2.0	4.0	11.0	16.0	36.0	1.0	4.0	10.0	15.0	31.0	16.0	35.0	90.0	180.0	370.0	10.0	24.0	61.0	118.0	241.0	0.0	4.0	9.0	16.0	31.0	1.0	3.0	7.0	12.0	30.0	15.0	31.0	83.0	161.0	334.0	8.0	20.0	49.0	99.0	211.0	2.0	2.0	6.0	16.0	32.0	1.0	3.0	7.0	15.0	29.0
ART_025_CXGLRRWSLGGLRRWSL		82.0	170.0	421.0	842.0	1690.0	66.0	127.0	316.0	644.0	1262.0	4.0	11.0	29.0	52.0	113.0	4.0	10.0	25.0	51.0	104.0	81.0	163.0	408.0	812.0	1598.0	58.0	119.0	314.0	631.0	1230.0	4.0	9.0	27.0	50.0	103.0	5.0	9.0	20.0	44.0	93.0	64.0	133.0	337.0	682.0	1405.0	50.0	99.0	247.0	512.0	1013.0	4.0	7.0	24.0	50.0	98.0	4.0	7.0	21.0	44.0	88.0
KCNA1_438_450		4.0	9.0	26.0	54.0	108.0	3.0	7.0	20.0	35.0	76.0	1.0	0.0	5.0	6.0	15.0	1.0	0.0	4.0	8.0	10.0	5.0	10.0	23.0	44.0	111.0	4.0	8.0	20.0	37.0	72.0	0.0	2.0	3.0	6.0	17.0	0.0	3.0	2.0	5.0	10.0	3.0	12.0	25.0	43.0	94.0	2.0	8.0	17.0	37.0	75.0	1.0	1.0	2.0	9.0	19.0	0.0	1.0	5.0	7.0	10.0
SCN7A_898_910		31.0	61.0	156.0	312.0	618.0	24.0	47.0	110.0	219.0	458.0	2.0	5.0	14.0	26.0	59.0	3.0	3.0	15.0	28.0	53.0	32.0	67.0	165.0	337.0	670.0	20.0	49.0	116.0	231.0	464.0	3.0	7.0	16.0	28.0	62.0	1.0	4.0	12.0	26.0	50.0	28.0	57.0	147.0	291.0	609.0	18.0	41.0	99.0	210.0	418.0	2.0	7.0	12.0	27.0	57.0	2.0	6.0	12.0	28.0	54.0
ACM5_494_506		4.0	5.0	13.0	23.0	52.0	1.0	5.0	13.0	22.0	51.0	3.0	9.0	18.0	36.0	74.0	3.0	4.0	16.0	30.0	60.0	3.0	6.0	11.0	23.0	49.0	4.0	5.0	12.0	21.0	41.0	3.0	6.0	17.0	34.0	75.0	2.0	7.0	15.0	30.0	64.0	4.0	4.0	11.0	19.0	45.0	1.0	2.0	10.0	15.0	39.0	2.0	6.0	18.0	32.0	72.0	3.0	8.0	17.0	26.0	59.0
BAD_93_105		3.0	7.0	19.0	39.0	76.0	3.0	8.0	19.0	33.0	71.0	3.0	11.0	24.0	46.0	96.0	4.0	9.0	21.0	42.0	88.0	4.0	10.0	21.0	40.0	82.0	4.0	7.0	16.0	33.0	69.0	4.0	9.0	24.0	44.0	88.0	4.0	9.0	22.0	42.0	86.0	3.0	7.0	19.0	36.0	74.0	2.0	6.0	17.0	33.0	59.0	3.0	10.0	22.0	43.0	82.0	3.0	8.0	19.0	37.0	70.0
CSF1R_701_713		57.0	110.0	281.0	561.0	1121.0	43.0	88.0	216.0	438.0	883.0	7.0	14.0	35.0	64.0	140.0	5.0	11.0	28.0	56.0	112.0	63.0	124.0	315.0	649.0	1271.0	40.0	77.0	198.0	402.0	802.0	4.0	12.0	30.0	61.0	125.0	4.0	11.0	26.0	49.0	101.0	53.0	102.0	265.0	539.0	1068.0	33.0	67.0	171.0	346.0	688.0	5.0	13.0	33.0	63.0	121.0	6.0	13.0	26.0	53.0	109.0
GPR6_349_361		1.0	3.0	6.0	14.0	30.0	2.0	1.0	8.0	11.0	25.0	-1.0	2.0	2.0	6.0	11.0	1.0	1.0	3.0	6.0	13.0	0.0	3.0	7.0	15.0	29.0	2.0	3.0	6.0	10.0	23.0	1.0	0.0	4.0	8.0	15.0	2.0	1.0	5.0	8.0	14.0	0.0	3.0	4.0	10.0	25.0	1.0	1.0	4.0	10.0	21.0	1.0	3.0	4.0	6.0	15.0	1.0	2.0	5.0	6.0	17.0
KCNA2_442_454		4.0	9.0	23.0	42.0	93.0	4.0	8.0	20.0	37.0	83.0	1.0	3.0	5.0	9.0	18.0	1.0	-1.0	4.0	8.0	19.0	4.0	9.0	27.0	52.0	105.0	3.0	8.0	19.0	39.0	76.0	1.0	2.0	6.0	11.0	15.0	0.0	1.0	6.0	5.0	18.0	5.0	8.0	27.0	48.0	92.0	2.0	6.0	19.0	35.0	64.0	0.0	1.0	5.0	6.0	11.0	0.0	2.0	3.0	7.0	15.0
MARCS_160_172		-2.0	1.0	2.0	4.0	18.0	0.0	0.0	4.0	7.0	18.0	1.0	4.0	5.0	13.0	29.0	0.0	2.0	6.0	13.0	24.0	-2.0	1.0	6.0	9.0	19.0	1.0	3.0	3.0	8.0	17.0	0.0	3.0	7.0	15.0	23.0	0.0	2.0	5.0	11.0	21.0	1.0	0.0	3.0	8.0	17.0	1.0	0.0	4.0	4.0	14.0	2.0	1.0	7.0	12.0	23.0	0.0	3.0	7.0	9.0	19.0
NMDZ1_890_902		255.0	522.0	1332.0	2621.0	3515.0	242.0	477.0	1215.0	2443.0	3574.0	20.0	43.0	104.0	207.0	421.0	16.0	34.0	91.0	189.0	380.0	248.0	504.0	1278.0	2572.0	3559.0	204.0	419.0	1054.0	2106.0	3631.0	21.0	42.0	105.0	213.0	443.0	18.0	39.0	97.0	193.0	389.0	231.0	465.0	1159.0	2308.0	3631.0	194.0	378.0	960.0	1900.0	3683.0	18.0	33.0	85.0	168.0	344.0	18.0	37.0	95.0	181.0	368.0
PTK6_436_448		76.0	151.0	388.0	767.0	1533.0	60.0	118.0	295.0	602.0	1188.0	8.0	22.0	50.0	101.0	204.0	9.0	16.0	47.0	91.0	188.0	69.0	141.0	349.0	700.0	1412.0	54.0	110.0	275.0	562.0	1117.0	10.0	19.0	47.0	99.0	199.0	7.0	16.0	43.0	89.0	181.0	62.0	129.0	316.0	639.0	1295.0	50.0	95.0	242.0	503.0	1013.0	10.0	20.0	49.0	97.0	192.0	11.0	21.0	56.0	107.0	205.0
SRC_413_425		0.0	-2.0	-5.0	-13.0	-25.0	-3.0	-2.0	-7.0	-14.0	-17.0	0.0	2.0	-4.0	-1.0	-6.0	-1.0	-2.0	0.0	-2.0	0.0	-1.0	-3.0	-5.0	-13.0	-20.0	-1.0	-1.0	-3.0	-5.0	-18.0	0.0	-1.0	-1.0	-4.0	-6.0	0.0	1.0	-1.0	-1.0	1.0	0.0	-3.0	-4.0	-8.0	-16.0	0.0	-2.0	-2.0	-7.0	-15.0	0.0	0.0	-2.0	-3.0	-7.0	-1.0	1.0	1.0	-2.0	-1.0
CAC1C_1974_1986		96.0	197.0	508.0	999.0	2007.0	78.0	153.0	386.0	778.0	1560.0	9.0	21.0	50.0	100.0	195.0	7.0	15.0	41.0	82.0	172.0	84.0	175.0	446.0	876.0	1764.0	66.0	130.0	341.0	666.0	1354.0	10.0	20.0	49.0	100.0	206.0	12.0	23.0	56.0	112.0	234.0	74.0	148.0	385.0	776.0	1543.0	61.0	120.0	301.0	602.0	1232.0	10.0	20.0	50.0	97.0	198.0	10.0	22.0	56.0	111.0	220.0
KPB1_1011_1023		75.0	159.0	397.0	799.0	1598.0	51.0	104.0	263.0	517.0	1032.0	3.0	11.0	20.0	41.0	86.0	3.0	7.0	21.0	43.0	91.0	70.0	136.0	360.0	727.0	1441.0	46.0	97.0	247.0	467.0	938.0	4.0	9.0	22.0	41.0	81.0	2.0	7.0	19.0	39.0	84.0	64.0	128.0	321.0	660.0	1328.0	42.0	83.0	206.0	429.0	860.0	5.0	7.0	21.0	42.0	81.0	3.0	10.0	22.0	44.0	96.0
SRC8_CHICK_423_435		-1.0	-2.0	-2.0	-6.0	-13.0	0.0	0.0	-3.0	-8.0	-13.0	-1.0	1.0	0.0	2.0	-1.0	0.0	0.0	-1.0	1.0	0.0	-1.0	-1.0	-4.0	-6.0	-11.0	-1.0	0.0	1.0	-6.0	-7.0	0.0	0.0	1.0	1.0	1.0	-1.0	-1.0	0.0	-1.0	-2.0	0.0	-2.0	-1.0	-4.0	-6.0	-1.0	-2.0	-1.0	-2.0	-6.0	0.0	-1.0	2.0	0.0	-1.0	-1.0	1.0	1.0	-3.0	-2.0
ACM5_498_510		1.0	4.0	9.0	16.0	30.0	2.0	3.0	9.0	17.0	26.0	2.0	1.0	11.0	20.0	40.0	1.0	2.0	9.0	15.0	34.0	0.0	3.0	8.0	16.0	29.0	1.0	5.0	6.0	14.0	27.0	1.0	4.0	10.0	20.0	42.0	2.0	4.0	10.0	18.0	36.0	2.0	1.0	5.0	12.0	27.0	0.0	3.0	7.0	12.0	27.0	2.0	4.0	6.0	14.0	31.0	1.0	5.0	7.0	14.0	29.0
BCKD_45_57		1.0	4.0	5.0	11.0	20.0	0.0	2.0	6.0	9.0	15.0	2.0	0.0	4.0	10.0	14.0	0.0	2.0	2.0	7.0	12.0	1.0	2.0	6.0	9.0	20.0	0.0	2.0	6.0	8.0	17.0	0.0	1.0	4.0	7.0	17.0	0.0	2.0	3.0	8.0	12.0	2.0	1.0	7.0	10.0	23.0	2.0	3.0	1.0	7.0	16.0	1.0	2.0	2.0	6.0	12.0	1.0	0.0	4.0	11.0	15.0
CSK21_355_367		0.0	-1.0	-2.0	-2.0	-3.0	0.0	-3.0	1.0	3.0	-1.0	1.0	-1.0	0.0	1.0	-3.0	0.0	-1.0	1.0	1.0	-3.0	0.0	-1.0	0.0	-1.0	-2.0	-1.0	0.0	2.0	-1.0	0.0	0.0	0.0	-1.0	-2.0	-2.0	-1.0	-1.0	0.0	0.0	-3.0	0.0	-1.0	1.0	1.0	0.0	1.0	2.0	-2.0	-2.0	-2.0	0.0	0.0	0.0	-1.0	-3.0	0.0	0.0	0.0	0.0	0.0
GPSM2_394_406		21.0	42.0	107.0	215.0	427.0	13.0	25.0	67.0	136.0	277.0	1.0	1.0	7.0	17.0	29.0	0.0	2.0	6.0	14.0	26.0	24.0	45.0	117.0	234.0	476.0	13.0	29.0	71.0	143.0	286.0	1.0	3.0	5.0	14.0	26.0	1.0	0.0	3.0	8.0	18.0	22.0	41.0	102.0	203.0	396.0	10.0	25.0	55.0	113.0	224.0	0.0	5.0	5.0	15.0	25.0	2.0	2.0	5.0	14.0	25.0
KCNA3_461_473		3.0	4.0	8.0	14.0	28.0	0.0	1.0	6.0	12.0	20.0	0.0	-1.0	3.0	4.0	7.0	-1.0	0.0	3.0	7.0	7.0	1.0	3.0	8.0	11.0	32.0	0.0	2.0	6.0	9.0	22.0	1.0	1.0	2.0	5.0	9.0	-1.0	1.0	0.0	4.0	7.0	3.0	3.0	9.0	14.0	32.0	0.0	3.0	3.0	12.0	21.0	1.0	1.0	3.0	4.0	7.0	-1.0	1.0	3.0	6.0	8.0
MBP_222_234		1.0	2.0	4.0	7.0	23.0	1.0	1.0	3.0	8.0	20.0	2.0	2.0	7.0	13.0	25.0	1.0	2.0	6.0	11.0	24.0	0.0	1.0	7.0	10.0	24.0	0.0	3.0	6.0	13.0	23.0	1.0	3.0	5.0	11.0	23.0	1.0	2.0	6.0	9.0	16.0	0.0	3.0	7.0	8.0	28.0	1.0	3.0	3.0	9.0	15.0	1.0	0.0	2.0	6.0	14.0	0.0	1.0	2.0	8.0	12.0
NOS3_1171_1183		35.0	71.0	179.0	355.0	709.0	31.0	65.0	163.0	328.0	660.0	7.0	15.0	42.0	81.0	160.0	6.0	14.0	36.0	71.0	149.0	37.0	76.0	199.0	394.0	797.0	30.0	57.0	152.0	296.0	603.0	8.0	19.0	41.0	75.0	161.0	7.0	13.0	33.0	67.0	137.0	31.0	66.0	164.0	334.0	670.0	24.0	49.0	128.0	259.0	517.0	6.0	14.0	32.0	63.0	128.0	6.0	13.0	34.0	67.0	131.0
RAB1A_187_199		-1.0	-2.0	-4.0	-10.0	-15.0	1.0	-1.0	-2.0	-6.0	-15.0	0.0	-1.0	0.0	1.0	-2.0	1.0	0.0	0.0	1.0	5.0	-1.0	-1.0	-3.0	-6.0	-12.0	0.0	-2.0	-4.0	-5.0	-9.0	-1.0	0.0	2.0	0.0	2.0	0.0	-2.0	0.0	3.0	2.0	1.0	-2.0	-2.0	-5.0	-12.0	-1.0	0.0	-3.0	-3.0	-8.0	0.0	0.0	-1.0	-1.0	0.0	0.0	-1.0	-1.0	4.0	2.0
STK6_283_295		142.0	282.0	723.0	1428.0	2850.0	112.0	224.0	561.0	1122.0	2282.0	30.0	59.0	147.0	293.0	592.0	25.0	50.0	135.0	260.0	543.0	135.0	273.0	683.0	1382.0	2788.0	97.0	202.0	530.0	1031.0	2049.0	30.0	61.0	149.0	298.0	612.0	27.0	56.0	141.0	280.0	569.0	129.0	259.0	649.0	1305.0	2603.0	92.0	187.0	459.0	922.0	1871.0	30.0	61.0	146.0	298.0	587.0	30.0	62.0	158.0	318.0	650.0
CFTR_730_742		123.0	251.0	622.0	1227.0	2519.0	84.0	172.0	448.0	893.0	1810.0	7.0	12.0	28.0	56.0	109.0	4.0	11.0	26.0	55.0	104.0	110.0	223.0	562.0	1096.0	2204.0	77.0	160.0	395.0	789.0	1572.0	4.0	13.0	29.0	62.0	121.0	5.0	11.0	26.0	62.0	121.0	105.0	207.0	528.0	1051.0	2089.0	69.0	134.0	336.0	690.0	1371.0	6.0	11.0	29.0	58.0	123.0	5.0	12.0	32.0	63.0	126.0
MYPC3_268_280		242.0	492.0	1227.0	2481.0	3495.0	201.0	396.0	1006.0	2018.0	3569.0	24.0	51.0	130.0	263.0	531.0	26.0	52.0	130.0	263.0	527.0	249.0	484.0	1216.0	2439.0	3522.0	183.0	374.0	936.0	1886.0	3589.0	26.0	53.0	132.0	262.0	544.0	25.0	54.0	139.0	277.0	568.0	225.0	444.0	1106.0	2255.0	3534.0	154.0	332.0	832.0	1643.0	3257.0	23.0	49.0	121.0	242.0	502.0	20.0	43.0	113.0	233.0	463.0
VASP_271_283		55.0	106.0	273.0	546.0	1113.0	58.0	111.0	279.0	585.0	1161.0	4.0	9.0	23.0	46.0	99.0	4.0	8.0	21.0	45.0	91.0	51.0	101.0	263.0	516.0	1049.0	56.0	110.0	281.0	566.0	1072.0	3.0	11.0	24.0	51.0	101.0	5.0	11.0	25.0	55.0	105.0	48.0	91.0	231.0	463.0	946.0	47.0	94.0	230.0	467.0	915.0	5.0	9.0	23.0	46.0	91.0	3.0	10.0	28.0	55.0	116.0
ADDB_696_708		1.0	2.0	6.0	7.0	14.0	0.0	0.0	4.0	7.0	12.0	1.0	2.0	5.0	8.0	17.0	1.0	2.0	5.0	6.0	12.0	2.0	2.0	6.0	9.0	15.0	0.0	2.0	3.0	6.0	13.0	0.0	3.0	4.0	5.0	12.0	1.0	0.0	2.0	6.0	12.0	1.0	2.0	2.0	7.0	15.0	0.0	0.0	3.0	2.0	13.0	1.0	2.0	3.0	3.0	9.0	0.0	2.0	0.0	8.0	12.0
BRCA1_1451_1463		0.0	0.0	0.0	1.0	-1.0	0.0	0.0	2.0	2.0	2.0	1.0	0.0	0.0	2.0	-1.0	0.0	-1.0	2.0	3.0	3.0	1.0	1.0	0.0	7.0	4.0	1.0	1.0	2.0	3.0	6.0	-1.0	2.0	-1.0	1.0	0.0	-1.0	0.0	0.0	2.0	-1.0	1.0	1.0	0.0	4.0	5.0	0.0	1.0	2.0	2.0	6.0	-1.0	1.0	1.0	0.0	-2.0	1.0	-1.0	-2.0	0.0	1.0
DCX_49_61		0.0	0.0	3.0	4.0	7.0	1.0	0.0	0.0	3.0	6.0	1.0	0.0	1.0	5.0	7.0	0.0	-1.0	2.0	6.0	9.0	1.0	1.0	5.0	5.0	8.0	2.0	0.0	1.0	3.0	10.0	-2.0	1.0	1.0	4.0	6.0	1.0	0.0	2.0	3.0	7.0	1.0	1.0	-1.0	2.0	6.0	1.0	-2.0	2.0	2.0	5.0	0.0	2.0	1.0	3.0	9.0	1.0	0.0	-3.0	5.0	4.0
GSUB_61_73		0.0	1.0	5.0	6.0	11.0	-1.0	3.0	4.0	6.0	8.0	2.0	1.0	6.0	10.0	20.0	-1.0	2.0	7.0	7.0	15.0	2.0	3.0	2.0	9.0	13.0	1.0	2.0	4.0	6.0	15.0	0.0	2.0	4.0	10.0	18.0	1.0	3.0	4.0	4.0	11.0	2.0	1.0	3.0	4.0	11.0	1.0	1.0	4.0	5.0	8.0	1.0	2.0	4.0	6.0	15.0	-1.0	-2.0	2.0	6.0	15.0
KCNB1_489_501		0.0	1.0	3.0	4.0	7.0	-1.0	-1.0	1.0	3.0	6.0	1.0	0.0	2.0	7.0	7.0	0.0	1.0	3.0	4.0	4.0	1.0	2.0	2.0	4.0	10.0	1.0	1.0	3.0	4.0	7.0	0.0	2.0	2.0	3.0	4.0	-1.0	1.0	-1.0	2.0	7.0	1.0	0.0	1.0	4.0	7.0	0.0	2.0	3.0	0.0	8.0	2.0	-1.0	1.0	0.0	5.0	1.0	1.0	-1.0	2.0	3.0
MK10_214_226		-1.0	0.0	2.0	2.0	9.0	0.0	0.0	4.0	1.0	4.0	1.0	0.0	0.0	0.0	3.0	1.0	0.0	2.0	2.0	3.0	1.0	0.0	4.0	5.0	6.0	1.0	2.0	0.0	3.0	5.0	0.0	-1.0	-2.0	2.0	0.0	0.0	1.0	1.0	1.0	0.0	1.0	0.0	-1.0	4.0	4.0	2.0	-1.0	2.0	1.0	0.0	0.0	0.0	-1.0	0.0	-2.0	-1.0	-1.0	-1.0	-1.0	-2.0
NR4A1_344_356		1.0	3.0	6.0	15.0	28.0	-1.0	2.0	7.0	17.0	27.0	2.0	3.0	8.0	17.0	38.0	1.0	4.0	8.0	18.0	32.0	2.0	5.0	8.0	16.0	32.0	3.0	2.0	8.0	18.0	30.0	2.0	5.0	8.0	20.0	33.0	0.0	3.0	6.0	15.0	29.0	1.0	1.0	7.0	15.0	27.0	1.0	2.0	7.0	11.0	24.0	2.0	3.0	8.0	13.0	27.0	0.0	3.0	5.0	12.0	26.0
RAF1_253_265		1.0	3.0	3.0	5.0	12.0	-1.0	-1.0	2.0	7.0	10.0	0.0	0.0	3.0	4.0	4.0	-1.0	1.0	2.0	5.0	6.0	2.0	1.0	2.0	8.0	16.0	2.0	2.0	4.0	10.0	18.0	0.0	1.0	0.0	1.0	9.0	0.0	0.0	0.0	4.0	5.0	0.0	2.0	1.0	7.0	10.0	0.0	1.0	4.0	8.0	15.0	1.0	1.0	1.0	1.0	5.0	0.0	1.0	-1.0	3.0	6.0
STMN2_90_102		15.0	30.0	74.0	148.0	298.0	11.0	21.0	51.0	101.0	208.0	2.0	2.0	7.0	13.0	24.0	1.0	2.0	7.0	14.0	24.0	16.0	30.0	83.0	173.0	345.0	10.0	20.0	53.0	110.0	218.0	0.0	3.0	5.0	13.0	23.0	2.0	1.0	4.0	9.0	19.0	14.0	30.0	66.0	137.0	279.0	8.0	17.0	46.0	80.0	170.0	1.0	1.0	7.0	11.0	20.0	0.0	2.0	4.0	10.0	20.0
CGHB_109_121		23.0	44.0	107.0	216.0	443.0	18.0	37.0	95.0	185.0	381.0	8.0	17.0	48.0	93.0	184.0	6.0	18.0	39.0	78.0	165.0	22.0	42.0	96.0	195.0	394.0	17.0	36.0	95.0	184.0	378.0	8.0	21.0	52.0	99.0	194.0	8.0	20.0	48.0	97.0	192.0	20.0	37.0	96.0	187.0	395.0	16.0	31.0	85.0	165.0	339.0	10.0	19.0	50.0	97.0	194.0	10.0	21.0	54.0	107.0	220.0
NCF1_296_308		296.0	587.0	1491.0	2978.0	3360.0	287.0	575.0	1462.0	2914.0	3413.0	30.0	59.0	152.0	317.0	636.0	25.0	54.0	129.0	277.0	545.0	322.0	665.0	1649.0	3279.0	3312.0	277.0	572.0	1456.0	2839.0	3433.0	23.0	50.0	117.0	239.0	483.0	22.0	45.0	115.0	237.0	472.0	315.0	617.0	1560.0	3150.0	3403.0	243.0	493.0	1256.0	2490.0	3508.0	23.0	48.0	117.0	242.0	482.0	20.0	45.0	108.0	218.0	439.0
VTNC_390_402		169.0	345.0	849.0	1720.0	3402.0	145.0	293.0	753.0	1478.0	2994.0	20.0	39.0	95.0	193.0	390.0	19.0	37.0	96.0	193.0	380.0	179.0	369.0	943.0	1855.0	3469.0	144.0	291.0	728.0	1463.0	2931.0	18.0	36.0	85.0	175.0	359.0	14.0	27.0	68.0	137.0	278.0	169.0	332.0	818.0	1706.0	3319.0	126.0	252.0	639.0	1291.0	2578.0	19.0	34.0	87.0	180.0	364.0	16.0	28.0	73.0	148.0	291.0
ADDB_706_718		11.0	18.0	49.0	98.0	187.0	10.0	20.0	49.0	99.0	197.0	4.0	10.0	28.0	54.0	107.0	3.0	6.0	20.0	36.0	76.0	7.0	14.0	36.0	71.0	142.0	10.0	18.0	47.0	87.0	183.0	6.0	14.0	32.0	65.0	131.0	7.0	14.0	36.0	68.0	142.0	7.0	12.0	32.0	64.0	133.0	5.0	13.0	37.0	67.0	136.0	6.0	8.0	22.0	45.0	92.0	5.0	14.0	36.0	68.0	139.0
C1R_201_213		0.0	-2.0	1.0	1.0	2.0	0.0	0.0	1.0	0.0	5.0	0.0	-1.0	-1.0	4.0	4.0	0.0	1.0	0.0	1.0	5.0	-1.0	1.0	3.0	3.0	7.0	0.0	1.0	0.0	2.0	3.0	-1.0	2.0	2.0	4.0	7.0	0.0	1.0	2.0	0.0	5.0	0.0	0.0	1.0	4.0	5.0	-1.0	1.0	3.0	1.0	4.0	1.0	0.0	1.0	3.0	4.0	-1.0	-1.0	0.0	0.0	2.0
ELK1_356_368		0.0	-1.0	2.0	-3.0	1.0	0.0	0.0	1.0	3.0	5.0	0.0	1.0	1.0	3.0	7.0	0.0	1.0	0.0	4.0	5.0	0.0	1.0	2.0	3.0	3.0	2.0	1.0	3.0	3.0	7.0	0.0	0.0	1.0	0.0	6.0	1.0	0.0	3.0	1.0	7.0	0.0	0.0	1.0	4.0	3.0	0.0	0.0	1.0	0.0	6.0	0.0	2.0	1.0	1.0	5.0	-1.0	0.0	-1.0	1.0	2.0
GYS2_1_13		5.0	8.0	20.0	40.0	88.0	4.0	8.0	20.0	37.0	83.0	5.0	10.0	28.0	53.0	109.0	3.0	7.0	21.0	43.0	85.0	3.0	9.0	24.0	50.0	97.0	4.0	8.0	17.0	40.0	77.0	6.0	12.0	25.0	50.0	106.0	3.0	10.0	23.0	46.0	91.0	3.0	9.0	22.0	41.0	84.0	3.0	7.0	18.0	34.0	66.0	6.0	6.0	19.0	37.0	82.0	2.0	5.0	14.0	29.0	56.0
KIF11_919_931		1.0	1.0	0.0	2.0	4.0	0.0	1.0	1.0	0.0	0.0	0.0	-2.0	0.0	4.0	-1.0	0.0	3.0	-1.0	2.0	1.0	0.0	1.0	1.0	5.0	2.0	0.0	0.0	-2.0	2.0	3.0	0.0	0.0	1.0	2.0	3.0	0.0	1.0	1.0	0.0	-1.0	1.0	2.0	2.0	3.0	3.0	0.0	1.0	1.0	1.0	1.0	0.0	1.0	-1.0	3.0	-1.0	-1.0	-1.0	-1.0	1.0	0.0
MP2K1_281_293		0.0	-1.0	2.0	-1.0	0.0	0.0	0.0	1.0	0.0	4.0	0.0	-1.0	-2.0	-1.0	0.0	0.0	0.0	0.0	0.0	0.0	0.0	1.0	1.0	1.0	0.0	1.0	-1.0	-1.0	0.0	-2.0	0.0	0.0	-3.0	1.0	-4.0	1.0	0.0	1.0	-3.0	-2.0	-1.0	0.0	1.0	1.0	2.0	-1.0	0.0	0.0	1.0	2.0	1.0	-1.0	-3.0	-1.0	-1.0	0.0	-1.0	-1.0	-3.0	-1.0
NTRK3_824_836		0.0	-1.0	2.0	5.0	13.0	0.0	2.0	1.0	6.0	10.0	0.0	-1.0	2.0	8.0	12.0	1.0	-1.0	3.0	4.0	8.0	0.0	-1.0	5.0	4.0	10.0	1.0	2.0	-1.0	4.0	11.0	0.0	2.0	3.0	7.0	11.0	1.0	1.0	3.0	3.0	10.0	1.0	2.0	3.0	8.0	11.0	1.0	1.0	2.0	3.0	10.0	0.0	1.0	1.0	7.0	11.0	0.0	1.0	2.0	2.0	12.0
RAP1B_172_184		2.0	3.0	10.0	20.0	42.0	0.0	3.0	9.0	17.0	33.0	1.0	2.0	6.0	10.0	25.0	1.0	1.0	6.0	8.0	21.0	2.0	2.0	9.0	21.0	36.0	2.0	5.0	6.0	15.0	38.0	1.0	3.0	6.0	12.0	25.0	1.0	4.0	6.0	9.0	21.0	0.0	4.0	10.0	16.0	37.0	0.0	3.0	9.0	13.0	26.0	1.0	2.0	4.0	11.0	20.0	-1.0	2.0	5.0	8.0	24.0
TAU_524_536		-2.0	-1.0	0.0	-4.0	-1.0	-1.0	0.0	2.0	-9.0	4.0	0.0	-2.0	0.0	-2.0	-1.0	0.0	0.0	0.0	2.0	3.0	-1.0	-2.0	-5.0	2.0	10.0	1.0	0.0	-4.0	-3.0	4.0	-1.0	1.0	0.0	-1.0	0.0	-1.0	-2.0	0.0	1.0	4.0	-2.0	-1.0	0.0	1.0	0.0	0.0	0.0	2.0	1.0	-3.0	1.0	1.0	0.0	2.0	-3.0	-1.0	-1.0	-1.0	0.0	-2.0
CREB1_126_138		326.0	653.0	1636.0	3253.0	3396.0	315.0	630.0	1563.0	3166.0	3452.0	34.0	71.0	184.0	371.0	749.0	33.0	72.0	178.0	364.0	734.0	300.0	604.0	1529.0	3072.0	3449.0	272.0	559.0	1400.0	2792.0	3501.0	33.0	71.0	177.0	354.0	712.0	37.0	72.0	186.0	362.0	748.0	294.0	585.0	1463.0	2987.0	3497.0	249.0	500.0	1238.0	2506.0	3524.0	35.0	66.0	172.0	350.0	685.0	28.0	56.0	145.0	294.0	578.0
NCF1_321_333		180.0	359.0	905.0	1807.0	3417.0	157.0	312.0	782.0	1573.0	3137.0	12.0	27.0	73.0	141.0	290.0	14.0	28.0	68.0	135.0	277.0	183.0	365.0	921.0	1842.0	3418.0	148.0	295.0	728.0	1484.0	3013.0	14.0	29.0	72.0	143.0	292.0	13.0	26.0	69.0	132.0	268.0	171.0	335.0	855.0	1726.0	3447.0	132.0	257.0	647.0	1304.0	2602.0	14.0	30.0	70.0	140.0	284.0	10.0	21.0	52.0	104.0	215.0
CFTR_761_773		679.0	1370.0	3385.0	3478.0	2848.0	579.0	1170.0	2922.0	3563.0	3062.0	151.0	305.0	778.0	1564.0	3101.0	151.0	302.0	763.0	1529.0	3080.0	655.0	1298.0	3246.0	3485.0	2868.0	507.0	1022.0	2548.0	3596.0	3116.0	158.0	319.0	794.0	1626.0	3236.0	155.0	313.0	789.0	1588.0	3189.0	644.0	1262.0	3175.0	3537.0	3071.0	496.0	975.0	2491.0	3641.0	3202.0	143.0	282.0	713.0	1441.0	2836.0	121.0	241.0	621.0	1245.0	2476.0
AKT1_301_313		-1.0	0.0	2.0	5.0	2.0	0.0	1.0	3.0	3.0	5.0	-1.0	0.0	0.0	5.0	2.0	1.0	1.0	0.0	5.0	5.0	1.0	2.0	3.0	4.0	8.0	0.0	0.0	-3.0	4.0	5.0	0.0	2.0	2.0	3.0	2.0	2.0	1.0	0.0	0.0	1.0	-1.0	0.0	2.0	3.0	6.0	0.0	0.0	1.0	2.0	5.0	1.0	-1.0	-1.0	-2.0	-3.0	-1.0	-1.0	0.0	1.0	-3.0
CA2D1_494_506		1.0	3.0	5.0	10.0	18.0	-1.0	1.0	3.0	7.0	17.0	1.0	2.0	6.0	14.0	31.0	1.0	4.0	5.0	11.0	21.0	1.0	2.0	6.0	8.0	21.0	1.0	2.0	4.0	7.0	22.0	0.0	2.0	8.0	16.0	32.0	3.0	2.0	7.0	8.0	28.0	0.0	1.0	2.0	8.0	20.0	-1.0	2.0	4.0	10.0	17.0	2.0	2.0	6.0	10.0	20.0	-1.0	2.0	5.0	7.0	14.0
ELK1_410_422		1.0	0.0	-2.0	-3.0	-6.0	-2.0	0.0	-4.0	-4.0	-7.0	-1.0	-1.0	0.0	-5.0	-4.0	0.0	1.0	-1.0	-1.0	-2.0	-2.0	-2.0	-2.0	-2.0	-5.0	0.0	-1.0	-1.0	-4.0	-3.0	0.0	-1.0	1.0	0.0	0.0	0.0	0.0	-1.0	0.0	-5.0	-1.0	-1.0	-1.0	-4.0	-2.0	0.0	-1.0	-2.0	-3.0	2.0	1.0	-2.0	0.0	1.0	-5.0	-1.0	-1.0	2.0	1.0	-4.0
H2B1B_ 27_40		6.0	15.0	30.0	58.0	113.0	3.0	12.0	26.0	56.0	111.0	1.0	4.0	10.0	19.0	36.0	1.0	4.0	7.0	12.0	26.0	3.0	7.0	21.0	37.0	76.0	6.0	7.0	21.0	46.0	86.0	1.0	4.0	10.0	20.0	42.0	3.0	5.0	9.0	21.0	44.0	3.0	9.0	20.0	39.0	74.0	4.0	9.0	21.0	39.0	83.0	2.0	3.0	8.0	16.0	33.0	1.0	6.0	14.0	27.0	50.0
KIF2C_105_118_S106G		23.0	50.0	124.0	247.0	509.0	22.0	47.0	114.0	235.0	462.0	4.0	8.0	30.0	60.0	121.0	3.0	12.0	28.0	53.0	98.0	24.0	52.0	129.0	251.0	501.0	23.0	45.0	112.0	222.0	440.0	5.0	11.0	29.0	59.0	117.0	4.0	9.0	25.0	45.0	100.0	22.0	46.0	120.0	234.0	479.0	18.0	40.0	90.0	190.0	374.0	5.0	12.0	30.0	58.0	111.0	5.0	10.0	32.0	57.0	111.0
MP2K1_287_299		1.0	2.0	6.0	12.0	20.0	0.0	4.0	7.0	10.0	24.0	0.0	1.0	6.0	10.0	24.0	1.0	4.0	5.0	14.0	23.0	1.0	2.0	9.0	15.0	32.0	1.0	3.0	5.0	11.0	23.0	1.0	3.0	7.0	11.0	22.0	1.0	1.0	5.0	10.0	19.0	0.0	2.0	7.0	12.0	23.0	1.0	2.0	4.0	8.0	15.0	1.0	0.0	7.0	7.0	16.0	-1.0	2.0	4.0	7.0	17.0
P53_12_24		2.0	5.0	6.0	14.0	29.0	0.0	3.0	4.0	11.0	20.0	-1.0	3.0	4.0	10.0	23.0	0.0	2.0	3.0	10.0	17.0	2.0	2.0	5.0	9.0	22.0	1.0	2.0	4.0	10.0	19.0	0.0	4.0	7.0	9.0	19.0	2.0	2.0	4.0	8.0	16.0	0.0	3.0	5.0	10.0	20.0	1.0	2.0	5.0	9.0	23.0	2.0	4.0	7.0	10.0	18.0	-1.0	2.0	7.0	10.0	21.0
RB_242_254		0.0	1.0	4.0	7.0	17.0	0.0	2.0	6.0	8.0	18.0	0.0	2.0	3.0	9.0	19.0	1.0	1.0	6.0	9.0	21.0	-1.0	2.0	8.0	15.0	28.0	0.0	1.0	4.0	10.0	20.0	0.0	1.0	6.0	10.0	21.0	2.0	1.0	3.0	9.0	13.0	0.0	2.0	6.0	10.0	21.0	1.0	4.0	3.0	10.0	14.0	2.0	3.0	3.0	4.0	11.0	-1.0	0.0	4.0	5.0	7.0
TLE2_246_258		-1.0	-3.0	-3.0	-6.0	-20.0	-1.0	0.0	-5.0	-8.0	-16.0	-1.0	-2.0	-2.0	-4.0	-6.0	0.0	1.0	1.0	0.0	-2.0	-1.0	-1.0	-4.0	-7.0	-10.0	-1.0	-3.0	-4.0	-9.0	-23.0	-1.0	0.0	-1.0	-5.0	-8.0	1.0	0.0	0.0	-4.0	-5.0	-2.0	-3.0	-7.0	-7.0	-15.0	0.0	-2.0	-2.0	-4.0	-11.0	2.0	0.0	-2.0	-6.0	-9.0	0.0	0.0	-1.0	-3.0	-5.0
DESP_2842_2854		12.0	22.0	54.0	108.0	227.0	5.0	11.0	30.0	60.0	119.0	0.0	-1.0	3.0	7.0	17.0	0.0	2.0	1.0	4.0	11.0	11.0	21.0	51.0	105.0	223.0	7.0	12.0	31.0	61.0	121.0	0.0	1.0	2.0	7.0	13.0	0.0	1.0	3.0	8.0	14.0	8.0	18.0	48.0	95.0	194.0	5.0	10.0	25.0	45.0	103.0	2.0	3.0	4.0	8.0	12.0	0.0	-1.0	5.0	7.0	15.0
NFKB1_330_342		30.0	61.0	158.0	324.0	668.0	20.0	51.0	118.0	245.0	496.0	1.0	6.0	17.0	35.0	70.0	1.0	7.0	13.0	32.0	59.0	27.0	58.0	153.0	303.0	614.0	21.0	47.0	111.0	231.0	466.0	2.0	9.0	19.0	41.0	85.0	4.0	9.0	21.0	40.0	80.0	26.0	52.0	136.0	288.0	565.0	17.0	37.0	96.0	195.0	407.0	4.0	9.0	19.0	36.0	73.0	1.0	7.0	23.0	41.0	87.0
F263_454_466		543.0	1078.0	2695.0	3590.0	3076.0	473.0	955.0	2377.0	3661.0	3214.0	73.0	154.0	391.0	780.0	1543.0	70.0	146.0	359.0	745.0	1475.0	527.0	1075.0	2681.0	3574.0	3149.0	424.0	855.0	2150.0	3691.0	3294.0	78.0	158.0	404.0	796.0	1623.0	82.0	163.0	415.0	830.0	1674.0	505.0	1024.0	2539.0	3641.0	3169.0	385.0	783.0	1958.0	3720.0	3335.0	77.0	143.0	373.0	757.0	1472.0	63.0	127.0	317.0	635.0	1289.0
ANDR_785_797		11.0	24.0	57.0	116.0	229.0	8.0	19.0	46.0	94.0	193.0	3.0	8.0	22.0	42.0	85.0	2.0	7.0	17.0	35.0	74.0	10.0	23.0	55.0	117.0	236.0	8.0	19.0	45.0	92.0	188.0	3.0	7.0	21.0	40.0	79.0	3.0	7.0	20.0	37.0	81.0	9.0	21.0	58.0	110.0	224.0	5.0	15.0	38.0	81.0	160.0	3.0	6.0	19.0	42.0	85.0	3.0	6.0	16.0	34.0	68.0
CD27_212_224		2.0	5.0	5.0	12.0	22.0	-1.0	1.0	6.0	8.0	23.0	-1.0	1.0	8.0	15.0	30.0	1.0	2.0	5.0	14.0	28.0	0.0	0.0	5.0	12.0	21.0	1.0	1.0	4.0	6.0	21.0	2.0	5.0	8.0	18.0	35.0	1.0	4.0	7.0	16.0	27.0	1.0	2.0	4.0	12.0	19.0	1.0	2.0	3.0	9.0	16.0	1.0	0.0	6.0	13.0	24.0	1.0	2.0	5.0	10.0	18.0
ERBB2_679_691		102.0	208.0	523.0	1057.0	2099.0	107.0	223.0	567.0	1108.0	2237.0	14.0	31.0	82.0	159.0	321.0	12.0	25.0	63.0	129.0	255.0	98.0	203.0	520.0	1027.0	2041.0	100.0	200.0	508.0	997.0	2009.0	15.0	31.0	74.0	148.0	298.0	14.0	26.0	67.0	135.0	273.0	92.0	190.0	483.0	956.0	1902.0	83.0	171.0	445.0	892.0	1765.0	12.0	24.0	63.0	121.0	251.0	11.0	22.0	56.0	106.0	223.0
H32_3_18		3.0	8.0	14.0	27.0	55.0	2.0	4.0	14.0	28.0	44.0	1.0	5.0	10.0	18.0	37.0	1.0	2.0	8.0	15.0	33.0	1.0	5.0	11.0	23.0	44.0	1.0	4.0	12.0	23.0	41.0	1.0	4.0	9.0	20.0	36.0	1.0	4.0	7.0	19.0	37.0	1.0	3.0	12.0	20.0	44.0	1.0	4.0	13.0	22.0	37.0	2.0	2.0	10.0	17.0	35.0	3.0	3.0	9.0	22.0	43.0
KPCB_19_31_A25S		22.0	44.0	110.0	217.0	437.0	17.0	35.0	90.0	181.0	365.0	6.0	11.0	33.0	63.0	129.0	3.0	10.0	23.0	47.0	96.0	17.0	33.0	85.0	175.0	345.0	18.0	35.0	91.0	181.0	358.0	6.0	15.0	35.0	65.0	137.0	6.0	11.0	29.0	56.0	111.0	13.0	30.0	76.0	151.0	301.0	12.0	28.0	69.0	139.0	281.0	4.0	12.0	27.0	50.0	107.0	5.0	13.0	32.0	63.0	127.0
MPH6_140_152		1.0	2.0	1.0	-1.0	1.0	-1.0	-1.0	0.0	5.0	3.0	-1.0	-1.0	2.0	2.0	0.0	0.0	-1.0	0.0	0.0	2.0	1.0	1.0	1.0	3.0	0.0	0.0	-1.0	0.0	1.0	4.0	0.0	0.0	1.0	0.0	1.0	0.0	0.0	-2.0	0.0	1.0	0.0	1.0	3.0	0.0	5.0	0.0	0.0	0.0	3.0	3.0	-1.0	0.0	0.0	0.0	-1.0	0.0	0.0	-1.0	-1.0	-1.0
P53_308_323		1.0	3.0	2.0	5.0	10.0	1.0	1.0	2.0	4.0	10.0	-1.0	1.0	2.0	4.0	10.0	1.0	0.0	1.0	3.0	9.0	1.0	1.0	2.0	6.0	8.0	1.0	-2.0	2.0	5.0	6.0	1.0	1.0	2.0	5.0	9.0	1.0	0.0	3.0	5.0	8.0	1.0	0.0	5.0	4.0	8.0	0.0	0.0	3.0	4.0	10.0	0.0	-1.0	2.0	2.0	3.0	1.0	1.0	2.0	3.0	5.0
RB_350_362		0.0	3.0	2.0	3.0	4.0	-1.0	1.0	0.0	2.0	14.0	0.0	2.0	3.0	4.0	5.0	0.0	0.0	-1.0	6.0	9.0	-1.0	0.0	-2.0	5.0	5.0	1.0	1.0	2.0	2.0	8.0	1.0	0.0	2.0	3.0	8.0	0.0	1.0	1.0	3.0	13.0	-1.0	0.0	1.0	3.0	4.0	1.0	1.0	4.0	2.0	6.0	0.0	1.0	0.0	3.0	4.0	1.0	0.0	2.0	3.0	6.0
TOP2A_1463_1475		235.0	463.0	1151.0	2305.0	3555.0	194.0	391.0	990.0	1996.0	3641.0	40.0	84.0	210.0	428.0	853.0	38.0	75.0	192.0	392.0	778.0	233.0	476.0	1136.0	2269.0	3616.0	173.0	345.0	859.0	1732.0	3518.0	39.0	75.0	189.0	385.0	765.0	35.0	70.0	174.0	351.0	726.0	230.0	486.0	1185.0	2364.0	3578.0	152.0	305.0	774.0	1538.0	3039.0	35.0	71.0	182.0	375.0	758.0	33.0	64.0	157.0	315.0	654.0
E1A_ADE05_212_224		169.0	338.0	849.0	1681.0	3386.0	171.0	339.0	870.0	1735.0	3427.0	21.0	45.0	115.0	230.0	467.0	17.0	38.0	101.0	201.0	409.0	162.0	328.0	840.0	1662.0	3341.0	155.0	316.0	790.0	1566.0	3152.0	20.0	47.0	112.0	229.0	450.0	18.0	41.0	104.0	210.0	423.0	161.0	317.0	802.0	1616.0	3169.0	141.0	277.0	721.0	1407.0	2850.0	22.0	44.0	105.0	212.0	428.0	20.0	43.0	105.0	206.0	414.0
PLM_76_88		5.0	6.0	13.0	25.0	22.0	-2.0	-1.0	3.0	3.0	7.0	0.0	1.0	3.0	1.0	6.0	0.0	0.0	-1.0	3.0	-1.0	3.0	4.0	5.0	22.0	42.0	0.0	1.0	2.0	-3.0	13.0	1.0	1.0	1.0	6.0	11.0	0.0	2.0	-2.0	2.0	5.0	2.0	0.0	9.0	17.0	38.0	-1.0	-1.0	2.0	-5.0	5.0	-1.0	-1.0	1.0	-1.0	6.0	1.0	2.0	-2.0	2.0	3.0
KAP3_107_119		208.0	434.0	1084.0	2145.0	3457.0	173.0	357.0	905.0	1803.0	3546.0	32.0	69.0	170.0	350.0	708.0	32.0	63.0	158.0	319.0	649.0	201.0	399.0	1028.0	2075.0	3473.0	171.0	338.0	854.0	1719.0	3437.0	37.0	76.0	193.0	394.0	780.0	37.0	75.0	192.0	382.0	775.0	193.0	378.0	959.0	1955.0	3505.0	149.0	299.0	769.0	1546.0	3054.0	33.0	65.0	160.0	331.0	647.0	32.0	66.0	162.0	340.0	685.0
ANXA1_209_221		0.0	1.0	4.0	15.0	29.0	0.0	0.0	3.0	1.0	-4.0	-1.0	-5.0	-6.0	-3.0	-21.0	-3.0	-2.0	-1.0	1.0	-11.0	-1.0	0.0	9.0	10.0	33.0	1.0	2.0	4.0	7.0	1.0	-2.0	1.0	-2.0	-9.0	-22.0	-2.0	-1.0	-1.0	-12.0	-10.0	0.0	2.0	-1.0	0.0	27.0	-1.0	2.0	5.0	10.0	16.0	-2.0	-2.0	-2.0	-4.0	-16.0	-3.0	0.0	-2.0	1.0	-11.0
CDC2_154_169		-1.0	1.0	-1.0	2.0	4.0	-1.0	3.0	-1.0	-1.0	1.0	0.0	0.0	2.0	8.0	18.0	0.0	0.0	-1.0	5.0	11.0	-1.0	0.0	-2.0	2.0	7.0	-1.0	1.0	-2.0	1.0	5.0	0.0	2.0	7.0	12.0	22.0	0.0	1.0	2.0	4.0	16.0	0.0	0.0	2.0	3.0	10.0	-1.0	1.0	-2.0	1.0	1.0	0.0	1.0	2.0	5.0	14.0	0.0	0.0	3.0	2.0	14.0
ERF_519_531		0.0	1.0	3.0	3.0	13.0	1.0	2.0	4.0	6.0	13.0	-1.0	-1.0	1.0	5.0	11.0	-1.0	0.0	0.0	2.0	7.0	-1.0	1.0	5.0	4.0	9.0	0.0	0.0	0.0	1.0	4.0	0.0	2.0	1.0	6.0	6.0	0.0	3.0	1.0	4.0	7.0	1.0	2.0	2.0	2.0	7.0	-1.0	0.0	1.0	0.0	6.0	0.0	-1.0	-1.0	4.0	8.0	1.0	2.0	1.0	1.0	6.0
IF4E_203_215		0.0	1.0	5.0	4.0	7.0	1.0	1.0	2.0	4.0	12.0	-1.0	1.0	3.0	4.0	8.0	0.0	0.0	3.0	6.0	10.0	-1.0	2.0	5.0	5.0	12.0	0.0	1.0	1.0	5.0	8.0	0.0	2.0	3.0	5.0	12.0	1.0	2.0	3.0	4.0	13.0	0.0	4.0	2.0	4.0	13.0	0.0	-1.0	2.0	5.0	5.0	0.0	0.0	1.0	4.0	7.0	-1.0	1.0	2.0	3.0	10.0
KPCB_626_639		1.0	1.0	3.0	3.0	10.0	-1.0	1.0	1.0	2.0	9.0	-2.0	0.0	1.0	2.0	11.0	-1.0	2.0	2.0	3.0	6.0	0.0	0.0	4.0	5.0	15.0	0.0	0.0	0.0	2.0	6.0	0.0	2.0	2.0	1.0	10.0	0.0	0.0	1.0	0.0	6.0	0.0	2.0	3.0	4.0	5.0	0.0	1.0	2.0	5.0	9.0	0.0	1.0	0.0	2.0	5.0	1.0	2.0	7.0	7.0	15.0
MPIP1_172_184		0.0	5.0	8.0	10.0	21.0	2.0	3.0	5.0	12.0	24.0	0.0	2.0	5.0	13.0	25.0	-1.0	4.0	6.0	12.0	23.0	0.0	4.0	9.0	15.0	30.0	1.0	3.0	5.0	13.0	24.0	0.0	4.0	7.0	13.0	25.0	0.0	3.0	6.0	12.0	26.0	1.0	5.0	6.0	12.0	31.0	2.0	2.0	5.0	9.0	25.0	0.0	2.0	6.0	8.0	21.0	1.0	1.0	4.0	5.0	13.0
PDE5A_95_107		0.0	2.0	1.0	3.0	7.0	0.0	1.0	2.0	4.0	11.0	1.0	-1.0	-1.0	0.0	3.0	-1.0	-1.0	1.0	0.0	4.0	0.0	-1.0	3.0	5.0	10.0	0.0	1.0	2.0	3.0	7.0	0.0	1.0	-1.0	2.0	2.0	0.0	1.0	0.0	-1.0	0.0	1.0	4.0	1.0	5.0	13.0	0.0	1.0	2.0	2.0	6.0	0.0	0.0	0.0	1.0	0.0	-1.0	-1.0	-2.0	1.0	1.0
RB_774_786		-2.0	-1.0	-1.0	-3.0	0.0	-1.0	-1.0	-1.0	2.0	2.0	0.0	0.0	-2.0	-2.0	2.0	0.0	0.0	-1.0	3.0	4.0	-1.0	0.0	0.0	2.0	5.0	0.0	-1.0	0.0	2.0	2.0	1.0	2.0	0.0	2.0	4.0	0.0	1.0	2.0	-1.0	0.0	1.0	1.0	0.0	1.0	5.0	0.0	-1.0	-1.0	2.0	5.0	0.0	0.0	-1.0	-1.0	4.0	0.0	-1.0	0.0	1.0	0.0
VASP_150_162		95.0	197.0	502.0	979.0	1958.0	72.0	137.0	346.0	698.0	1384.0	4.0	10.0	28.0	53.0	110.0	2.0	9.0	22.0	51.0	97.0	99.0	198.0	498.0	993.0	2003.0	70.0	135.0	342.0	685.0	1386.0	2.0	11.0	22.0	48.0	95.0	3.0	8.0	17.0	34.0	71.0	91.0	187.0	471.0	948.0	1911.0	52.0	106.0	272.0	545.0	1087.0	3.0	8.0	24.0	53.0	100.0	3.0	8.0	18.0	42.0	78.0
EPB42_241_253		78.0	155.0	385.0	783.0	1559.0	56.0	113.0	272.0	559.0	1123.0	3.0	7.0	19.0	40.0	80.0	2.0	6.0	16.0	34.0	72.0	72.0	150.0	383.0	774.0	1561.0	53.0	109.0	271.0	530.0	1094.0	3.0	8.0	17.0	42.0	83.0	3.0	5.0	18.0	36.0	71.0	67.0	134.0	338.0	690.0	1376.0	43.0	83.0	212.0	440.0	874.0	2.0	7.0	17.0	36.0	68.0	2.0	6.0	12.0	27.0	59.0
PTN12_32_44		423.0	853.0	2123.0	3691.0	3203.0	418.0	834.0	2109.0	3718.0	3229.0	34.0	73.0	180.0	356.0	730.0	31.0	68.0	166.0	346.0	691.0	428.0	865.0	2161.0	3684.0	3251.0	392.0	798.0	1965.0	3704.0	3293.0	36.0	74.0	182.0	367.0	762.0	33.0	70.0	184.0	365.0	731.0	401.0	806.0	2031.0	3710.0	3338.0	341.0	690.0	1720.0	3389.0	3398.0	32.0	65.0	165.0	329.0	660.0	22.0	45.0	111.0	223.0	458.0
KCNA6_504_516		424.0	877.0	2202.0	3653.0	3209.0	365.0	724.0	1817.0	3640.0	3369.0	81.0	157.0	409.0	825.0	1663.0	80.0	163.0	403.0	820.0	1616.0	440.0	887.0	2230.0	3639.0	3148.0	342.0	680.0	1704.0	3419.0	3331.0	78.0	157.0	407.0	796.0	1640.0	72.0	142.0	363.0	738.0	1478.0	427.0	846.0	2119.0	3655.0	3264.0	308.0	625.0	1562.0	3066.0	3430.0	77.0	155.0	394.0	782.0	1587.0	56.0	118.0	299.0	607.0	1224.0
pVASP_150_164		700.0	1448.0	3534.0	3545.0	3011.0	734.0	1458.0	3685.0	3523.0	3039.0	728.0	1480.0	3659.0	3544.0	3044.0	628.0	1241.0	3137.0	3553.0	3119.0	649.0	1315.0	3275.0	3560.0	3046.0	629.0	1247.0	3114.0	3512.0	2957.0	661.0	1283.0	3240.0	3538.0	2951.0	659.0	1364.0	3379.0	3561.0	3054.0	640.0	1272.0	3189.0	3631.0	3147.0	590.0	1195.0	2992.0	3659.0	3221.0	616.0	1209.0	3036.0	3639.0	3182.0	514.0	1057.0	2581.0	3682.0	3261.0
CDK7_163_175		1.0	-1.0	2.0	-1.0	25.0	-1.0	0.0	1.0	3.0	10.0	0.0	-2.0	-2.0	7.0	5.0	-1.0	1.0	-1.0	-1.0	5.0	-1.0	-2.0	-3.0	4.0	4.0	-1.0	-1.0	1.0	7.0	19.0	0.0	3.0	6.0	10.0	25.0	-2.0	-1.0	0.0	21.0	18.0	-1.0	0.0	0.0	-2.0	0.0	-3.0	1.0	3.0	10.0	32.0	0.0	-2.0	0.0	-1.0	7.0	-1.0	-2.0	-4.0	-6.0	12.0
ESR1_160_172		37.0	71.0	178.0	357.0	720.0	35.0	70.0	183.0	372.0	744.0	11.0	23.0	55.0	113.0	234.0	9.0	22.0	51.0	98.0	200.0	42.0	83.0	201.0	401.0	810.0	30.0	66.0	161.0	334.0	649.0	9.0	20.0	53.0	106.0	213.0	7.0	19.0	42.0	76.0	168.0	36.0	73.0	179.0	366.0	764.0	28.0	61.0	147.0	291.0	602.0	9.0	19.0	50.0	96.0	196.0	9.0	15.0	41.0	78.0	153.0
IKBA_26_38		0.0	1.0	0.0	2.0	2.0	0.0	-2.0	-1.0	1.0	4.0	2.0	0.0	-2.0	0.0	2.0	-1.0	0.0	1.0	0.0	2.0	1.0	2.0	2.0	1.0	3.0	0.0	2.0	1.0	-3.0	2.0	1.0	-1.0	1.0	1.0	3.0	0.0	-2.0	0.0	1.0	1.0	0.0	0.0	2.0	0.0	1.0	0.0	-1.0	0.0	0.0	1.0	0.0	1.0	0.0	-2.0	4.0	0.0	1.0	-3.0	0.0	1.0
KS6A1_374_386		2.0	2.0	4.0	12.0	23.0	1.0	2.0	5.0	10.0	26.0	1.0	2.0	6.0	16.0	31.0	1.0	2.0	6.0	10.0	25.0	1.0	3.0	4.0	11.0	25.0	-1.0	3.0	6.0	8.0	21.0	1.0	3.0	8.0	15.0	32.0	1.0	2.0	6.0	10.0	25.0	1.0	3.0	6.0	7.0	18.0	0.0	2.0	4.0	9.0	18.0	1.0	4.0	6.0	9.0	29.0	1.0	3.0	4.0	10.0	14.0
MPIP3_208_220		1.0	1.0	0.0	4.0	10.0	1.0	2.0	2.0	4.0	9.0	1.0	-1.0	1.0	3.0	6.0	1.0	1.0	1.0	2.0	9.0	1.0	1.0	1.0	5.0	10.0	0.0	0.0	3.0	5.0	10.0	1.0	-1.0	1.0	3.0	3.0	1.0	0.0	1.0	2.0	5.0	0.0	0.0	2.0	2.0	11.0	0.0	0.0	1.0	0.0	5.0	1.0	1.0	3.0	1.0	3.0	-1.0	0.0	0.0	1.0	3.0
PDPK1_27_39		1.0	1.0	-1.0	3.0	-4.0	0.0	1.0	-3.0	0.0	0.0	1.0	-1.0	-2.0	-4.0	-8.0	-1.0	-1.0	1.0	-4.0	1.0	1.0	1.0	1.0	-1.0	1.0	-1.0	1.0	1.0	-1.0	-3.0	0.0	-1.0	-3.0	-2.0	-4.0	0.0	1.0	-1.0	-1.0	-5.0	1.0	-1.0	1.0	-1.0	4.0	0.0	1.0	-1.0	-2.0	-2.0	-1.0	-2.0	-3.0	-3.0	-4.0	0.0	-2.0	0.0	-4.0	-6.0
RB_803_815		2.0	2.0	5.0	11.0	21.0	2.0	2.0	5.0	10.0	16.0	0.0	2.0	5.0	15.0	31.0	1.0	1.0	7.0	13.0	22.0	1.0	3.0	6.0	9.0	20.0	0.0	1.0	4.0	9.0	20.0	2.0	2.0	7.0	13.0	26.0	-1.0	0.0	4.0	11.0	21.0	0.0	0.0	2.0	10.0	17.0	-1.0	1.0	1.0	4.0	15.0	1.0	1.0	7.0	10.0	23.0	0.0	2.0	5.0	9.0	12.0
VASP_232_244		-1.0	-2.0	-3.0	-2.0	3.0	0.0	-2.0	-2.0	-5.0	-3.0	1.0	1.0	1.0	2.0	0.0	0.0	-1.0	0.0	0.0	3.0	0.0	-2.0	0.0	-5.0	-14.0	0.0	0.0	-3.0	-7.0	-10.0	0.0	-1.0	1.0	0.0	3.0	0.0	0.0	0.0	1.0	5.0	-1.0	-3.0	-8.0	-14.0	-3.0	-1.0	-1.0	3.0	0.0	10.0	0.0	-1.0	2.0	3.0	2.0	0.0	0.0	-1.0	-1.0	1.0
GBRB2_427_439		425.0	857.0	2162.0	3723.0	3361.0	403.0	801.0	2017.0	3772.0	3419.0	53.0	104.0	267.0	533.0	1071.0	48.0	99.0	236.0	486.0	995.0	424.0	850.0	2116.0	3735.0	3389.0	381.0	754.0	1865.0	3747.0	3460.0	51.0	103.0	259.0	532.0	1058.0	47.0	95.0	239.0	491.0	977.0	397.0	809.0	2055.0	3763.0	3447.0	338.0	683.0	1696.0	3395.0	3521.0	45.0	94.0	232.0	469.0	930.0	34.0	69.0	174.0	334.0	680.0
PYGL_8_20		-3.0	-8.0	-21.0	-32.0	-75.0	-2.0	-6.0	-19.0	-29.0	-73.0	1.0	1.0	2.0	8.0	15.0	-1.0	1.0	5.0	6.0	8.0	-4.0	-8.0	-23.0	-46.0	-90.0	-5.0	-5.0	-14.0	-40.0	-64.0	2.0	-1.0	4.0	8.0	16.0	-1.0	0.0	3.0	5.0	12.0	-2.0	-6.0	-16.0	-23.0	-88.0	-4.0	-7.0	-14.0	-41.0	-75.0	0.0	0.0	3.0	2.0	12.0	-1.0	3.0	3.0	-1.0	9.0
TY3H_65_77		187.0	397.0	964.0	1939.0	3673.0	157.0	313.0	795.0	1592.0	3202.0	15.0	28.0	77.0	153.0	307.0	12.0	26.0	65.0	128.0	267.0	186.0	384.0	947.0	1892.0	3641.0	150.0	302.0	754.0	1506.0	2978.0	16.0	34.0	88.0	180.0	354.0	16.0	31.0	79.0	158.0	318.0	171.0	345.0	866.0	1738.0	3453.0	122.0	248.0	646.0	1289.0	2582.0	13.0	26.0	76.0	144.0	297.0	9.0	23.0	59.0	112.0	244.0